# avg	std	min	max
0.74475 0.00000 0.74475 0.74475
-0.00000 0.00000 -0.00000 -0.00000
-0.00418 0.00000 -0.00418 -0.00418
-0.27717 0.00000 -0.27717 -0.27717
-0.46710 0.00000 -0.46710 -0.46710
-1.03050 0.00000 -1.03050 -1.03050
-0.10247 0.00000 -0.10247 -0.10247
-0.15050 0.00000 -0.15050 -0.15050
-1.26408 0.00000 -1.26408 -1.26408
0.74303 0.00000 0.74303 0.74303
0.41712 0.00000 0.41712 0.41712
0.20269 0.00000 0.20269 0.20269
-0.10004 0.00000 -0.10004 -0.10004
0.55998 0.00000 0.55998 0.55998
0.48893 0.00000 0.48893 0.48893
0.68365 0.00000 0.68365 0.68365
0.46920 0.00000 0.46920 0.46920
-0.33794 0.00000 -0.33794 -0.33794
-0.21732 0.00000 -0.21732 -0.21732
0.53228 0.00000 0.53228 0.53228
