# avg	std	min	max
0.17841 0.00000 0.17841 0.17841
-0.00000 0.00000 -0.00000 -0.00000
-0.26195 0.00000 -0.26195 -0.26195
-1.25230 0.00000 -1.25230 -1.25230
-0.38840 0.00000 -0.38840 -0.38840
-1.42722 0.00000 -1.42722 -1.42722
-0.86650 0.00000 -0.86650 -0.86650
-0.57793 0.00000 -0.57793 -0.57793
-0.21994 0.00000 -0.21994 -0.21994
0.19645 0.00000 0.19645 0.19645
-0.32838 0.00000 -0.32838 -0.32838
0.01063 0.00000 0.01063 0.01063
-0.87660 0.00000 -0.87660 -0.87660
-0.66800 0.00000 -0.66800 -0.66800
-0.61648 0.00000 -0.61648 -0.61648
0.90552 0.00000 0.90552 0.90552
0.11985 0.00000 0.11985 0.11985
-1.31714 0.00000 -1.31714 -1.31714
-1.01912 0.00000 -1.01912 -1.01912
-1.39559 0.00000 -1.39559 -1.39559
