# avg	std	min	max
1.75401 0.00000 1.75401 1.75401
0.00000 0.00000 0.00000 0.00000
1.90908 0.00000 1.90908 1.90908
2.58745 0.00000 2.58745 2.58745
3.17374 0.00000 3.17374 3.17374
2.54626 0.00000 2.54626 2.54626
16.99556 0.00000 16.99556 16.99556
24.78120 0.00000 24.78120 24.78120
6.03499 0.00000 6.03499 6.03499
0.69822 0.00000 0.69822 0.69822
1.17712 0.00000 1.17712 1.17712
0.75727 0.00000 0.75727 0.75727
22.07284 0.00000 22.07284 22.07284
4.43455 0.00000 4.43455 4.43455
5.01052 0.00000 5.01052 5.01052
1.43544 0.00000 1.43544 1.43544
4.75332 0.00000 4.75332 4.75332
7.46026 0.00000 7.46026 7.46026
9.13947 0.00000 9.13947 9.13947
12.76162 0.00000 12.76162 12.76162
