# avg	std	min	max
1.87491 0.00000 1.87491 1.87491
0.00000 0.00000 0.00000 0.00000
4.60595 0.00000 4.60595 4.60595
10.12526 0.00000 10.12526 10.12526
11.14793 0.00000 11.14793 11.14793
6.96129 0.00000 6.96129 6.96129
14.92208 0.00000 14.92208 14.92208
16.22278 0.00000 16.22278 16.22278
2.02093 0.00000 2.02093 2.02093
2.40171 0.00000 2.40171 2.40171
2.82995 0.00000 2.82995 2.82995
3.24488 0.00000 3.24488 3.24488
20.47820 0.00000 20.47820 20.47820
7.26001 0.00000 7.26001 7.26001
9.57227 0.00000 9.57227 9.57227
5.98870 0.00000 5.98870 5.98870
9.33985 0.00000 9.33985 9.33985
10.39146 0.00000 10.39146 10.39146
11.63226 0.00000 11.63226 11.63226
18.69576 0.00000 18.69576 18.69576
