# avg	std	min	max
2.03993 0.00000 2.03993 2.03993
-0.00000 0.00000 -0.00000 -0.00000
2.15588 0.00000 2.15588 2.15588
6.67516 0.00000 6.67516 6.67516
4.36668 0.00000 4.36668 4.36668
4.38000 0.00000 4.38000 4.38000
17.57344 0.00000 17.57344 17.57344
26.81724 0.00000 26.81724 26.81724
6.19408 0.00000 6.19408 6.19408
0.60152 0.00000 0.60152 0.60152
1.91471 0.00000 1.91471 1.91471
1.69246 0.00000 1.69246 1.69246
18.89250 0.00000 18.89250 18.89250
6.93064 0.00000 6.93064 6.93064
9.17906 0.00000 9.17906 9.17906
9.86908 0.00000 9.86908 9.86908
9.73445 0.00000 9.73445 9.73445
7.84061 0.00000 7.84061 7.84061
13.48206 0.00000 13.48206 13.48206
18.81250 0.00000 18.81250 18.81250
