# avg	std	min	max
0.27765 0.00000 0.27765 0.27765
0.00000 0.00000 0.00000 0.00000
1.26597 0.00000 1.26597 1.26597
0.34063 0.00000 0.34063 0.34063
2.33149 0.00000 2.33149 2.33149
-0.26094 0.00000 -0.26094 -0.26094
6.59813 0.00000 6.59813 6.59813
7.94178 0.00000 7.94178 7.94178
5.84933 0.00000 5.84933 5.84933
-0.06452 0.00000 -0.06452 -0.06452
1.80521 0.00000 1.80521 1.80521
-0.38390 0.00000 -0.38390 -0.38390
6.96271 0.00000 6.96271 6.96271
1.69679 0.00000 1.69679 1.69679
1.07314 0.00000 1.07314 1.07314
3.69445 0.00000 3.69445 3.69445
3.02024 0.00000 3.02024 3.02024
1.70148 0.00000 1.70148 1.70148
2.94431 0.00000 2.94431 2.94431
6.48084 0.00000 6.48084 6.48084
