# avg	std	min	max
1.62300 0.00000 1.62300 1.62300
0.00000 0.00000 0.00000 0.00000
5.86621 0.00000 5.86621 5.86621
7.13745 0.00000 7.13745 7.13745
5.86208 0.00000 5.86208 5.86208
0.90071 0.00000 0.90071 0.90071
7.37620 0.00000 7.37620 7.37620
9.48158 0.00000 9.48158 9.48158
6.75031 0.00000 6.75031 6.75031
1.93065 0.00000 1.93065 1.93065
4.35261 0.00000 4.35261 4.35261
1.99753 0.00000 1.99753 1.99753
10.25903 0.00000 10.25903 10.25903
8.57806 0.00000 8.57806 8.57806
3.53285 0.00000 3.53285 3.53285
10.25820 0.00000 10.25820 10.25820
6.30108 0.00000 6.30108 6.30108
1.93549 0.00000 1.93549 1.93549
2.83692 0.00000 2.83692 2.83692
9.52655 0.00000 9.52655 9.52655
