# avg	std	min	max
2.06981 0.00000 2.06981 2.06981
0.00000 0.00000 0.00000 0.00000
5.95436 0.00000 5.95436 5.95436
3.99133 0.00000 3.99133 3.99133
6.86777 0.00000 6.86777 6.86777
6.04383 0.00000 6.04383 6.04383
18.72228 0.00000 18.72228 18.72228
32.52406 0.00000 32.52406 32.52406
11.62806 0.00000 11.62806 11.62806
0.96922 0.00000 0.96922 0.96922
4.17790 0.00000 4.17790 4.17790
1.89097 0.00000 1.89097 1.89097
27.10958 0.00000 27.10958 27.10958
6.21896 0.00000 6.21896 6.21896
9.64952 0.00000 9.64952 9.64952
6.59600 0.00000 6.59600 6.59600
9.13752 0.00000 9.13752 9.13752
12.89852 0.00000 12.89852 12.89852
16.70524 0.00000 16.70524 16.70524
18.43574 0.00000 18.43574 18.43574
