# avg	std	min	max
0.87993 0.00000 0.87993 0.87993
-0.00000 0.00000 -0.00000 -0.00000
0.06314 0.00000 0.06314 0.06314
-0.95612 0.00000 -0.95612 -0.95612
-0.24465 0.00000 -0.24465 -0.24465
-0.37560 0.00000 -0.37560 -0.37560
-0.37921 0.00000 -0.37921 -0.37921
-1.21064 0.00000 -1.21064 -1.21064
-2.25122 0.00000 -2.25122 -2.25122
0.39140 0.00000 0.39140 0.39140
0.26897 0.00000 0.26897 0.26897
0.12734 0.00000 0.12734 0.12734
-0.51080 0.00000 -0.51080 -0.51080
0.07090 0.00000 0.07090 0.07090
-1.02295 0.00000 -1.02295 -1.02295
0.38084 0.00000 0.38084 0.38084
-1.01955 0.00000 -1.01955 -1.01955
-1.00778 0.00000 -1.00778 -1.00778
-0.85659 0.00000 -0.85659 -0.85659
-0.63644 0.00000 -0.63644 -0.63644
