# avg	std	min	max
1.55333 0.00000 1.55333 1.55333
-0.00000 0.00000 -0.00000 -0.00000
0.84436 0.00000 0.84436 0.84436
-0.51345 0.00000 -0.51345 -0.51345
0.04247 0.00000 0.04247 0.04247
-0.80910 0.00000 -0.80910 -0.80910
0.76146 0.00000 0.76146 0.76146
0.56098 0.00000 0.56098 0.56098
4.03749 0.00000 4.03749 4.03749
1.93120 0.00000 1.93120 1.93120
1.74951 0.00000 1.74951 1.74951
0.82500 0.00000 0.82500 0.82500
1.41884 0.00000 1.41884 1.41884
1.09265 0.00000 1.09265 1.09265
1.34784 0.00000 1.34784 1.34784
2.20289 0.00000 2.20289 2.20289
1.70756 0.00000 1.70756 1.70756
0.06382 0.00000 0.06382 0.06382
1.86250 0.00000 1.86250 1.86250
2.08379 0.00000 2.08379 2.08379
