# avg	std	min	max
-0.67997 0.00000 -0.67997 -0.67997
0.00000 0.00000 0.00000 0.00000
5.89997 0.00000 5.89997 5.89997
2.77514 0.00000 2.77514 2.77514
7.33196 0.00000 7.33196 7.33196
1.91747 0.00000 1.91747 1.91747
27.67952 0.00000 27.67952 27.67952
22.00788 0.00000 22.00788 22.00788
11.31272 0.00000 11.31272 11.31272
0.42509 0.00000 0.42509 0.42509
3.11385 0.00000 3.11385 3.11385
2.29524 0.00000 2.29524 2.29524
24.73586 0.00000 24.73586 24.73586
5.08027 0.00000 5.08027 5.08027
8.55683 0.00000 8.55683 8.55683
7.77483 0.00000 7.77483 7.77483
6.58553 0.00000 6.58553 6.58553
5.98387 0.00000 5.98387 5.98387
10.45637 0.00000 10.45637 10.45637
14.82497 0.00000 14.82497 14.82497
