# avg	std	min	max
1.63817 0.00000 1.63817 1.63817
0.00000 0.00000 0.00000 0.00000
2.85274 0.00000 2.85274 2.85274
2.51082 0.00000 2.51082 2.51082
2.94626 0.00000 2.94626 2.94626
-0.22518 0.00000 -0.22518 -0.22518
7.54133 0.00000 7.54133 7.54133
4.38886 0.00000 4.38886 4.38886
6.46399 0.00000 6.46399 6.46399
0.31278 0.00000 0.31278 0.31278
-0.18841 0.00000 -0.18841 -0.18841
0.98220 0.00000 0.98220 0.98220
9.45448 0.00000 9.45448 9.45448
2.87813 0.00000 2.87813 2.87813
1.80198 0.00000 1.80198 1.80198
4.86306 0.00000 4.86306 4.86306
2.75652 0.00000 2.75652 2.75652
1.10268 0.00000 1.10268 1.10268
1.41754 0.00000 1.41754 1.41754
4.43055 0.00000 4.43055 4.43055
