# avg	std	min	max
1.96015 0.00000 1.96015 1.96015
-0.00000 0.00000 -0.00000 -0.00000
3.63572 0.00000 3.63572 3.63572
13.26976 0.00000 13.26976 13.26976
9.29982 0.00000 9.29982 9.29982
3.28950 0.00000 3.28950 3.28950
14.56570 0.00000 14.56570 14.56570
30.95876 0.00000 30.95876 30.95876
5.36256 0.00000 5.36256 5.36256
1.69449 0.00000 1.69449 1.69449
3.03281 0.00000 3.03281 3.03281
4.68295 0.00000 4.68295 4.68295
15.13990 0.00000 15.13990 15.13990
7.82396 0.00000 7.82396 7.82396
5.49752 0.00000 5.49752 5.49752
11.12183 0.00000 11.12183 11.12183
7.46192 0.00000 7.46192 7.46192
15.08451 0.00000 15.08451 15.08451
23.17560 0.00000 23.17560 23.17560
29.09350 0.00000 29.09350 29.09350
