# avg	std	min	max
1.46839 0.00000 1.46839 1.46839
0.00000 0.00000 0.00000 0.00000
0.36150 0.00000 0.36150 0.36150
-0.81640 0.00000 -0.81640 -0.81640
0.70454 0.00000 0.70454 0.70454
-0.99989 0.00000 -0.99989 -0.99989
-0.40890 0.00000 -0.40890 -0.40890
0.05953 0.00000 0.05953 0.05953
4.34362 0.00000 4.34362 4.34362
0.33385 0.00000 0.33385 0.33385
0.66118 0.00000 0.66118 0.66118
0.49543 0.00000 0.49543 0.49543
-0.13510 0.00000 -0.13510 -0.13510
0.53454 0.00000 0.53454 0.53454
0.37063 0.00000 0.37063 0.37063
2.12475 0.00000 2.12475 2.12475
1.20663 0.00000 1.20663 1.20663
-0.87543 0.00000 -0.87543 -0.87543
-0.86293 0.00000 -0.86293 -0.86293
0.85933 0.00000 0.85933 0.85933
