# avg	std	min	max
1.54623 0.00000 1.54623 1.54623
-0.00000 0.00000 -0.00000 -0.00000
1.06955 0.00000 1.06955 1.06955
3.37625 0.00000 3.37625 3.37625
1.19396 0.00000 1.19396 1.19396
2.48947 0.00000 2.48947 2.48947
11.64978 0.00000 11.64978 11.64978
14.58182 0.00000 14.58182 14.58182
5.20038 0.00000 5.20038 5.20038
0.45869 0.00000 0.45869 0.45869
0.35178 0.00000 0.35178 0.35178
-0.49275 0.00000 -0.49275 -0.49275
10.25254 0.00000 10.25254 10.25254
3.45370 0.00000 3.45370 3.45370
5.13927 0.00000 5.13927 5.13927
5.84226 0.00000 5.84226 5.84226
7.91424 0.00000 7.91424 7.91424
4.35840 0.00000 4.35840 4.35840
5.82792 0.00000 5.82792 5.82792
10.31502 0.00000 10.31502 10.31502
