# avg	std	min	max
1.08574 0.00000 1.08574 1.08574
0.00000 0.00000 0.00000 0.00000
0.79351 0.00000 0.79351 0.79351
0.64694 0.00000 0.64694 0.64694
1.81539 0.00000 1.81539 1.81539
-1.45101 0.00000 -1.45101 -1.45101
2.47887 0.00000 2.47887 2.47887
6.67226 0.00000 6.67226 6.67226
-1.65183 0.00000 -1.65183 -1.65183
0.94591 0.00000 0.94591 0.94591
1.47612 0.00000 1.47612 1.47612
0.36523 0.00000 0.36523 0.36523
2.55237 0.00000 2.55237 2.55237
1.33395 0.00000 1.33395 1.33395
0.62579 0.00000 0.62579 0.62579
3.22961 0.00000 3.22961 3.22961
1.54064 0.00000 1.54064 1.54064
-0.92910 0.00000 -0.92910 -0.92910
-0.13797 0.00000 -0.13797 -0.13797
1.38824 0.00000 1.38824 1.38824
