# avg	std	min	max
1.50656 0.00000 1.50656 1.50656
0.00000 0.00000 0.00000 0.00000
2.29329 0.00000 2.29329 2.29329
3.58077 0.00000 3.58077 3.58077
2.70049 0.00000 2.70049 2.70049
1.39893 0.00000 1.39893 1.39893
10.09846 0.00000 10.09846 10.09846
10.15362 0.00000 10.15362 10.15362
4.46951 0.00000 4.46951 4.46951
0.35562 0.00000 0.35562 0.35562
2.73797 0.00000 2.73797 2.73797
0.57609 0.00000 0.57609 0.57609
15.40452 0.00000 15.40452 15.40452
3.32201 0.00000 3.32201 3.32201
4.04902 0.00000 4.04902 4.04902
4.95380 0.00000 4.95380 4.95380
3.59799 0.00000 3.59799 3.59799
1.13611 0.00000 1.13611 1.13611
3.27744 0.00000 3.27744 3.27744
10.69988 0.00000 10.69988 10.69988
