# avg	std	min	max
1.27915 0.00000 1.27915 1.27915
0.00000 0.00000 0.00000 0.00000
-0.09779 0.00000 -0.09779 -0.09779
-0.93606 0.00000 -0.93606 -0.93606
-0.96247 0.00000 -0.96247 -0.96247
-1.27722 0.00000 -1.27722 -1.27722
-0.90134 0.00000 -0.90134 -0.90134
-1.26663 0.00000 -1.26663 -1.26663
2.20829 0.00000 2.20829 2.20829
0.92513 0.00000 0.92513 0.92513
0.49963 0.00000 0.49963 0.49963
0.33084 0.00000 0.33084 0.33084
-0.78505 0.00000 -0.78505 -0.78505
-0.31664 0.00000 -0.31664 -0.31664
-0.36143 0.00000 -0.36143 -0.36143
0.58712 0.00000 0.58712 0.58712
-0.22613 0.00000 -0.22613 -0.22613
-0.46868 0.00000 -0.46868 -0.46868
-0.56936 0.00000 -0.56936 -0.56936
0.27729 0.00000 0.27729 0.27729
