# avg	std	min	max
1.90143 0.00000 1.90143 1.90143
-0.00000 0.00000 -0.00000 -0.00000
1.95412 0.00000 1.95412 1.95412
5.43707 0.00000 5.43707 5.43707
3.94136 0.00000 3.94136 3.94136
5.16212 0.00000 5.16212 5.16212
11.11860 0.00000 11.11860 11.11860
38.18352 0.00000 38.18352 38.18352
3.76642 0.00000 3.76642 3.76642
1.99891 0.00000 1.99891 1.99891
1.67872 0.00000 1.67872 1.67872
2.26106 0.00000 2.26106 2.26106
23.40028 0.00000 23.40028 23.40028
5.62634 0.00000 5.62634 5.62634
6.38653 0.00000 6.38653 6.38653
6.86575 0.00000 6.86575 6.86575
7.39128 0.00000 7.39128 7.39128
10.77947 0.00000 10.77947 10.77947
14.48048 0.00000 14.48048 14.48048
20.32162 0.00000 20.32162 20.32162
