# avg	std	min	max
0.34691 0.00000 0.34691 0.34691
-0.00000 0.00000 -0.00000 -0.00000
0.57775 0.00000 0.57775 0.57775
-0.86761 0.00000 -0.86761 -0.86761
0.16733 0.00000 0.16733 0.16733
-1.09179 0.00000 -1.09179 -1.09179
-0.92839 0.00000 -0.92839 -0.92839
-1.00658 0.00000 -1.00658 -1.00658
1.68191 0.00000 1.68191 1.68191
-0.15111 0.00000 -0.15111 -0.15111
0.64126 0.00000 0.64126 0.64126
-0.12741 0.00000 -0.12741 -0.12741
-0.81804 0.00000 -0.81804 -0.81804
-0.83718 0.00000 -0.83718 -0.83718
-0.22592 0.00000 -0.22592 -0.22592
1.19418 0.00000 1.19418 1.19418
0.62006 0.00000 0.62006 0.62006
-1.07229 0.00000 -1.07229 -1.07229
-0.86845 0.00000 -0.86845 -0.86845
-1.67016 0.00000 -1.67016 -1.67016
