# avg	std	min	max
2.19312 0.00000 2.19312 2.19312
-0.00000 0.00000 -0.00000 -0.00000
3.01608 0.00000 3.01608 3.01608
7.57245 0.00000 7.57245 7.57245
4.41076 0.00000 4.41076 4.41076
7.33703 0.00000 7.33703 7.33703
25.52716 0.00000 25.52716 25.52716
36.80894 0.00000 36.80894 36.80894
6.79626 0.00000 6.79626 6.79626
1.32907 0.00000 1.32907 1.32907
3.34217 0.00000 3.34217 3.34217
3.10490 0.00000 3.10490 3.10490
28.75836 0.00000 28.75836 28.75836
6.20220 0.00000 6.20220 6.20220
10.30097 0.00000 10.30097 10.30097
7.09812 0.00000 7.09812 7.09812
11.80799 0.00000 11.80799 11.80799
12.46847 0.00000 12.46847 12.46847
17.46948 0.00000 17.46948 17.46948
24.44336 0.00000 24.44336 24.44336
