# avg	std	min	max
1.54474 0.00000 1.54474 1.54474
-0.00000 0.00000 -0.00000 -0.00000
1.17269 0.00000 1.17269 1.17269
4.47501 0.00000 4.47501 4.47501
3.42894 0.00000 3.42894 3.42894
3.41309 0.00000 3.41309 3.41309
12.73234 0.00000 12.73234 12.73234
25.47958 0.00000 25.47958 25.47958
-1.61492 0.00000 -1.61492 -1.61492
2.11522 0.00000 2.11522 2.11522
3.27809 0.00000 3.27809 3.27809
1.36395 0.00000 1.36395 1.36395
14.37806 0.00000 14.37806 14.37806
3.53291 0.00000 3.53291 3.53291
4.43119 0.00000 4.43119 4.43119
5.24404 0.00000 5.24404 5.24404
4.78178 0.00000 4.78178 4.78178
8.92581 0.00000 8.92581 8.92581
6.72273 0.00000 6.72273 6.72273
17.71264 0.00000 17.71264 17.71264
