# avg	std	min	max
1.72230 0.00000 1.72230 1.72230
0.00000 0.00000 0.00000 0.00000
4.89015 0.00000 4.89015 4.89015
6.12528 0.00000 6.12528 6.12528
7.70293 0.00000 7.70293 7.70293
5.28462 0.00000 5.28462 5.28462
16.64362 0.00000 16.64362 16.64362
25.81316 0.00000 25.81316 25.81316
6.31782 0.00000 6.31782 6.31782
0.87263 0.00000 0.87263 0.87263
3.25565 0.00000 3.25565 3.25565
2.59906 0.00000 2.59906 2.59906
24.12578 0.00000 24.12578 24.12578
6.10562 0.00000 6.10562 6.10562
7.05441 0.00000 7.05441 7.05441
6.77278 0.00000 6.77278 6.77278
8.28224 0.00000 8.28224 8.28224
10.84512 0.00000 10.84512 10.84512
15.67698 0.00000 15.67698 15.67698
21.16190 0.00000 21.16190 21.16190
