# avg	std	min	max
2.00591 0.00000 2.00591 2.00591
0.00000 0.00000 0.00000 0.00000
-0.32606 0.00000 -0.32606 -0.32606
4.13655 0.00000 4.13655 4.13655
1.52745 0.00000 1.52745 1.52745
3.85790 0.00000 3.85790 3.85790
20.14348 0.00000 20.14348 20.14348
36.12404 0.00000 36.12404 36.12404
3.63552 0.00000 3.63552 3.63552
1.01424 0.00000 1.01424 1.01424
1.02055 0.00000 1.02055 1.02055
-0.03157 0.00000 -0.03157 -0.03157
25.74212 0.00000 25.74212 25.74212
3.49867 0.00000 3.49867 3.49867
6.95676 0.00000 6.95676 6.95676
5.80143 0.00000 5.80143 5.80143
8.17102 0.00000 8.17102 8.17102
8.93871 0.00000 8.93871 8.93871
14.25416 0.00000 14.25416 14.25416
15.07740 0.00000 15.07740 15.07740
