# avg	std	min	max
1.73726 0.00000 1.73726 1.73726
0.00000 0.00000 0.00000 0.00000
5.51164 0.00000 5.51164 5.51164
10.25301 0.00000 10.25301 10.25301
8.82458 0.00000 8.82458 8.82458
6.76976 0.00000 6.76976 6.76976
13.53566 0.00000 13.53566 13.53566
32.67366 0.00000 32.67366 32.67366
6.92363 0.00000 6.92363 6.92363
1.65600 0.00000 1.65600 1.65600
4.10453 0.00000 4.10453 4.10453
4.54094 0.00000 4.54094 4.54094
19.24044 0.00000 19.24044 19.24044
6.97002 0.00000 6.97002 6.97002
9.07972 0.00000 9.07972 9.07972
9.39627 0.00000 9.39627 9.39627
11.58044 0.00000 11.58044 11.58044
11.17126 0.00000 11.17126 11.17126
20.53554 0.00000 20.53554 20.53554
22.76350 0.00000 22.76350 22.76350
