# avg	std	min	max
1.82411 0.00000 1.82411 1.82411
0.00000 0.00000 0.00000 0.00000
3.88238 0.00000 3.88238 3.88238
8.44200 0.00000 8.44200 8.44200
3.65573 0.00000 3.65573 3.65573
3.19716 0.00000 3.19716 3.19716
20.12496 0.00000 20.12496 20.12496
31.48978 0.00000 31.48978 31.48978
9.09596 0.00000 9.09596 9.09596
0.78679 0.00000 0.78679 0.78679
3.60658 0.00000 3.60658 3.60658
3.07410 0.00000 3.07410 3.07410
24.31706 0.00000 24.31706 24.31706
8.54538 0.00000 8.54538 8.54538
9.26615 0.00000 9.26615 9.26615
9.42896 0.00000 9.42896 9.42896
11.76128 0.00000 11.76128 11.76128
7.52087 0.00000 7.52087 7.52087
13.23768 0.00000 13.23768 13.23768
18.28460 0.00000 18.28460 18.28460
