# avg	std	min	max
0.86380 0.00000 0.86380 0.86380
-0.00000 0.00000 -0.00000 -0.00000
0.38775 0.00000 0.38775 0.38775
-0.20103 0.00000 -0.20103 -0.20103
-0.19170 0.00000 -0.19170 -0.19170
-0.55533 0.00000 -0.55533 -0.55533
-0.27920 0.00000 -0.27920 -0.27920
-0.17435 0.00000 -0.17435 -0.17435
2.58230 0.00000 2.58230 2.58230
0.04439 0.00000 0.04439 0.04439
0.67263 0.00000 0.67263 0.67263
0.47564 0.00000 0.47564 0.47564
-0.16647 0.00000 -0.16647 -0.16647
-0.06347 0.00000 -0.06347 -0.06347
-0.04099 0.00000 -0.04099 -0.04099
0.64744 0.00000 0.64744 0.64744
0.23332 0.00000 0.23332 0.23332
-0.14991 0.00000 -0.14991 -0.14991
-0.53649 0.00000 -0.53649 -0.53649
0.01198 0.00000 0.01198 0.01198
