# avg	std	min	max
0.76117 0.00000 0.76117 0.76117
-0.00000 0.00000 -0.00000 -0.00000
-0.03015 0.00000 -0.03015 -0.03015
-0.72905 0.00000 -0.72905 -0.72905
-0.25899 0.00000 -0.25899 -0.25899
-0.54788 0.00000 -0.54788 -0.54788
-0.25515 0.00000 -0.25515 -0.25515
-0.46250 0.00000 -0.46250 -0.46250
-1.30845 0.00000 -1.30845 -1.30845
0.74148 0.00000 0.74148 0.74148
0.47298 0.00000 0.47298 0.47298
0.41437 0.00000 0.41437 0.41437
-0.93454 0.00000 -0.93454 -0.93454
0.50754 0.00000 0.50754 0.50754
0.02689 0.00000 0.02689 0.02689
-0.64546 0.00000 -0.64546 -0.64546
-0.42449 0.00000 -0.42449 -0.42449
-0.60499 0.00000 -0.60499 -0.60499
-0.03452 0.00000 -0.03452 -0.03452
0.29267 0.00000 0.29267 0.29267
