# avg	std	min	max
2.07904 0.00000 2.07904 2.07904
0.00000 0.00000 0.00000 0.00000
-0.81086 0.00000 -0.81086 -0.81086
3.24464 0.00000 3.24464 3.24464
1.52485 0.00000 1.52485 1.52485
2.38168 0.00000 2.38168 2.38168
12.29908 0.00000 12.29908 12.29908
28.58314 0.00000 28.58314 28.58314
0.15013 0.00000 0.15013 0.15013
1.80005 0.00000 1.80005 1.80005
1.63527 0.00000 1.63527 1.63527
1.13908 0.00000 1.13908 1.13908
16.19680 0.00000 16.19680 16.19680
2.92929 0.00000 2.92929 2.92929
4.74736 0.00000 4.74736 4.74736
5.25682 0.00000 5.25682 5.25682
7.60621 0.00000 7.60621 7.60621
8.14063 0.00000 8.14063 8.14063
14.14646 0.00000 14.14646 14.14646
15.76612 0.00000 15.76612 15.76612
