# avg	std	min	max
1.17635 0.00000 1.17635 1.17635
-0.00000 0.00000 -0.00000 -0.00000
0.28743 0.00000 0.28743 0.28743
-0.65828 0.00000 -0.65828 -0.65828
1.02963 0.00000 1.02963 1.02963
-0.74566 0.00000 -0.74566 -0.74566
-0.51352 0.00000 -0.51352 -0.51352
0.08539 0.00000 0.08539 0.08539
0.82852 0.00000 0.82852 0.82852
0.20422 0.00000 0.20422 0.20422
0.60523 0.00000 0.60523 0.60523
0.06023 0.00000 0.06023 0.06023
-0.39634 0.00000 -0.39634 -0.39634
0.12145 0.00000 0.12145 0.12145
-0.14168 0.00000 -0.14168 -0.14168
1.20952 0.00000 1.20952 1.20952
0.05404 0.00000 0.05404 0.05404
-0.70398 0.00000 -0.70398 -0.70398
-0.94185 0.00000 -0.94185 -0.94185
-0.28202 0.00000 -0.28202 -0.28202
