# avg	std	min	max
1.57542 0.00000 1.57542 1.57542
0.00000 0.00000 0.00000 0.00000
4.08475 0.00000 4.08475 4.08475
9.27944 0.00000 9.27944 9.27944
8.62874 0.00000 8.62874 8.62874
10.57902 0.00000 10.57902 10.57902
25.02852 0.00000 25.02852 25.02852
40.57448 0.00000 40.57448 40.57448
0.91652 0.00000 0.91652 0.91652
2.04836 0.00000 2.04836 2.04836
4.37212 0.00000 4.37212 4.37212
2.53116 0.00000 2.53116 2.53116
30.85636 0.00000 30.85636 30.85636
6.20732 0.00000 6.20732 6.20732
11.72975 0.00000 11.72975 11.72975
8.80942 0.00000 8.80942 8.80942
15.24710 0.00000 15.24710 15.24710
17.38642 0.00000 17.38642 17.38642
21.79656 0.00000 21.79656 21.79656
20.53770 0.00000 20.53770 20.53770
