# avg	std	min	max
1.15910 0.00000 1.15910 1.15910
0.00000 0.00000 0.00000 0.00000
0.75444 0.00000 0.75444 0.75444
3.17914 0.00000 3.17914 3.17914
3.93040 0.00000 3.93040 3.93040
5.89827 0.00000 5.89827 5.89827
18.37718 0.00000 18.37718 18.37718
34.64820 0.00000 34.64820 34.64820
3.61198 0.00000 3.61198 3.61198
0.45894 0.00000 0.45894 0.45894
0.09066 0.00000 0.09066 0.09066
0.26759 0.00000 0.26759 0.26759
23.35730 0.00000 23.35730 23.35730
3.52257 0.00000 3.52257 3.52257
8.38382 0.00000 8.38382 8.38382
5.99811 0.00000 5.99811 5.99811
9.47387 0.00000 9.47387 9.47387
10.46766 0.00000 10.46766 10.46766
13.86008 0.00000 13.86008 13.86008
15.47154 0.00000 15.47154 15.47154
