# avg	std	min	max
0.92071 0.00000 0.92071 0.92071
-0.00000 0.00000 -0.00000 -0.00000
1.21236 0.00000 1.21236 1.21236
-0.83943 0.00000 -0.83943 -0.83943
1.74851 0.00000 1.74851 1.74851
-1.25334 0.00000 -1.25334 -1.25334
4.04277 0.00000 4.04277 4.04277
7.38624 0.00000 7.38624 7.38624
0.63362 0.00000 0.63362 0.63362
1.03049 0.00000 1.03049 1.03049
0.65335 0.00000 0.65335 0.65335
0.07489 0.00000 0.07489 0.07489
9.77477 0.00000 9.77477 9.77477
0.86130 0.00000 0.86130 0.86130
1.09155 0.00000 1.09155 1.09155
3.25568 0.00000 3.25568 3.25568
4.02094 0.00000 4.02094 4.02094
1.16251 0.00000 1.16251 1.16251
3.50019 0.00000 3.50019 3.50019
1.02648 0.00000 1.02648 1.02648
