# avg	std	min	max
-2.02926 0.00000 -2.02926 -2.02926
-0.00000 0.00000 -0.00000 -0.00000
0.11005 0.00000 0.11005 0.11005
0.07152 0.00000 0.07152 0.07152
-0.17368 0.00000 -0.17368 -0.17368
-1.00668 0.00000 -1.00668 -1.00668
0.26023 0.00000 0.26023 0.26023
1.84023 0.00000 1.84023 1.84023
3.23470 0.00000 3.23470 3.23470
-0.26445 0.00000 -0.26445 -0.26445
1.11835 0.00000 1.11835 1.11835
0.06455 0.00000 0.06455 0.06455
0.17883 0.00000 0.17883 0.17883
0.15001 0.00000 0.15001 0.15001
-0.08199 0.00000 -0.08199 -0.08199
0.91185 0.00000 0.91185 0.91185
-0.16240 0.00000 -0.16240 -0.16240
0.11376 0.00000 0.11376 0.11376
0.39584 0.00000 0.39584 0.39584
1.15647 0.00000 1.15647 1.15647
