# avg	std	min	max
1.03025 0.00000 1.03025 1.03025
-0.00000 0.00000 -0.00000 -0.00000
0.96575 0.00000 0.96575 0.96575
4.79112 0.00000 4.79112 4.79112
2.48547 0.00000 2.48547 2.48547
2.24556 0.00000 2.24556 2.24556
5.55846 0.00000 5.55846 5.55846
13.92586 0.00000 13.92586 13.92586
2.06060 0.00000 2.06060 2.06060
1.02390 0.00000 1.02390 1.02390
1.62030 0.00000 1.62030 1.62030
0.56735 0.00000 0.56735 0.56735
6.88457 0.00000 6.88457 6.88457
3.22437 0.00000 3.22437 3.22437
6.13794 0.00000 6.13794 6.13794
4.68762 0.00000 4.68762 4.68762
6.83638 0.00000 6.83638 6.83638
3.49334 0.00000 3.49334 3.49334
2.89097 0.00000 2.89097 2.89097
6.76753 0.00000 6.76753 6.76753
