# avg	std	min	max
3.23455 0.00000 3.23455 3.23455
1.80630 0.00000 1.80630 1.80630
3.82353 0.00000 3.82353 3.82353
4.31938 0.00000 4.31938 4.31938
3.77005 0.00000 3.77005 3.77005
3.91142 0.00000 3.91142 3.91142
10.91581 0.00000 10.91581 10.91581
9.37983 0.00000 9.37983 9.37983
5.88458 0.00000 5.88458 5.88458
2.49723 0.00000 2.49723 2.49723
4.00114 0.00000 4.00114 4.00114
-0.01090 0.00000 -0.01090 -0.01090
8.23446 0.00000 8.23446 8.23446
4.22120 0.00000 4.22120 4.22120
6.12672 0.00000 6.12672 6.12672
7.24868 0.00000 7.24868 7.24868
6.01326 0.00000 6.01326 6.01326
4.90794 0.00000 4.90794 4.90794
5.07083 0.00000 5.07083 5.07083
6.80055 0.00000 6.80055 6.80055
