# avg	std	min	max
1.83468 0.00000 1.83468 1.83468
3.84680 0.00000 3.84680 3.84680
5.99591 0.00000 5.99591 5.99591
2.67898 0.00000 2.67898 2.67898
6.43066 0.00000 6.43066 6.43066
3.60201 0.00000 3.60201 3.60201
7.69436 0.00000 7.69436 7.69436
7.57813 0.00000 7.57813 7.57813
9.37957 0.00000 9.37957 9.37957
4.93392 0.00000 4.93392 4.93392
6.55954 0.00000 6.55954 6.55954
0.00000 0.00000 0.00000 0.00000
7.36461 0.00000 7.36461 7.36461
3.99386 0.00000 3.99386 3.99386
4.68093 0.00000 4.68093 4.68093
5.64222 0.00000 5.64222 5.64222
6.03430 0.00000 6.03430 6.03430
3.50236 0.00000 3.50236 3.50236
4.25352 0.00000 4.25352 4.25352
7.56798 0.00000 7.56798 7.56798
