# avg	std	min	max
1.06770 0.00000 1.06770 1.06770
-0.61598 0.00000 -0.61598 -0.61598
-1.15083 0.00000 -1.15083 -1.15083
-0.57866 0.00000 -0.57866 -0.57866
-1.51397 0.00000 -1.51397 -1.51397
0.77064 0.00000 0.77064 0.77064
10.36710 0.00000 10.36710 10.36710
15.67080 0.00000 15.67080 15.67080
3.68077 0.00000 3.68077 3.68077
0.60728 0.00000 0.60728 0.60728
-0.06583 0.00000 -0.06583 -0.06583
-0.00140 0.00000 -0.00140 -0.00140
10.15839 0.00000 10.15839 10.15839
0.79396 0.00000 0.79396 0.79396
1.97989 0.00000 1.97989 1.97989
2.68049 0.00000 2.68049 2.68049
3.22774 0.00000 3.22774 3.22774
5.04001 0.00000 5.04001 5.04001
9.09360 0.00000 9.09360 9.09360
5.02279 0.00000 5.02279 5.02279
