# avg	std	min	max
2.17794 0.00000 2.17794 2.17794
0.73774 0.00000 0.73774 0.73774
0.84891 0.00000 0.84891 0.84891
1.62456 0.00000 1.62456 1.62456
3.67437 0.00000 3.67437 3.67437
3.52213 0.00000 3.52213 3.52213
10.52283 0.00000 10.52283 10.52283
25.86484 0.00000 25.86484 25.86484
7.68535 0.00000 7.68535 7.68535
1.96123 0.00000 1.96123 1.96123
0.46227 0.00000 0.46227 0.46227
0.00034 0.00000 0.00034 0.00034
17.74970 0.00000 17.74970 17.74970
0.90528 0.00000 0.90528 0.90528
5.09599 0.00000 5.09599 5.09599
3.60866 0.00000 3.60866 3.60866
6.17889 0.00000 6.17889 6.17889
6.97555 0.00000 6.97555 6.97555
13.81922 0.00000 13.81922 13.81922
6.82625 0.00000 6.82625 6.82625
