# avg	std	min	max
1.23579 0.00000 1.23579 1.23579
0.90183 0.00000 0.90183 0.90183
3.74660 0.00000 3.74660 3.74660
3.74112 0.00000 3.74112 3.74112
5.17726 0.00000 5.17726 5.17726
0.90718 0.00000 0.90718 0.90718
11.19178 0.00000 11.19178 11.19178
20.72530 0.00000 20.72530 20.72530
3.70396 0.00000 3.70396 3.70396
0.98726 0.00000 0.98726 0.98726
3.84623 0.00000 3.84623 3.84623
-0.00011 0.00000 -0.00011 -0.00011
14.19122 0.00000 14.19122 14.19122
2.09084 0.00000 2.09084 2.09084
3.91751 0.00000 3.91751 3.91751
4.66150 0.00000 4.66150 4.66150
4.53256 0.00000 4.53256 4.53256
6.16352 0.00000 6.16352 6.16352
9.36957 0.00000 9.36957 9.36957
7.17712 0.00000 7.17712 7.17712
