# avg	std	min	max
1.43996 0.00000 1.43996 1.43996
-0.27610 0.00000 -0.27610 -0.27610
1.61570 0.00000 1.61570 1.61570
-0.93461 0.00000 -0.93461 -0.93461
1.16688 0.00000 1.16688 1.16688
0.76021 0.00000 0.76021 0.76021
4.28534 0.00000 4.28534 4.28534
18.44464 0.00000 18.44464 18.44464
3.70314 0.00000 3.70314 3.70314
1.07529 0.00000 1.07529 1.07529
0.46700 0.00000 0.46700 0.46700
-0.00003 0.00000 -0.00003 -0.00003
11.88178 0.00000 11.88178 11.88178
0.99397 0.00000 0.99397 0.99397
3.02193 0.00000 3.02193 3.02193
3.06021 0.00000 3.06021 3.06021
5.32975 0.00000 5.32975 5.32975
4.19646 0.00000 4.19646 4.19646
9.52415 0.00000 9.52415 9.52415
2.94826 0.00000 2.94826 2.94826
