# avg	std	min	max
1.24343 0.00000 1.24343 1.24343
-0.49872 0.00000 -0.49872 -0.49872
-1.44954 0.00000 -1.44954 -1.44954
0.26031 0.00000 0.26031 0.26031
-0.86326 0.00000 -0.86326 -0.86326
-0.86174 0.00000 -0.86174 -0.86174
0.66938 0.00000 0.66938 0.66938
8.46203 0.00000 8.46203 8.46203
-2.71435 0.00000 -2.71435 -2.71435
0.65893 0.00000 0.65893 0.65893
0.89050 0.00000 0.89050 0.89050
0.02749 0.00000 0.02749 0.02749
1.66635 0.00000 1.66635 1.66635
0.10292 0.00000 0.10292 0.10292
-0.04635 0.00000 -0.04635 -0.04635
1.88356 0.00000 1.88356 1.88356
0.30461 0.00000 0.30461 0.30461
-0.28452 0.00000 -0.28452 -0.28452
0.41178 0.00000 0.41178 0.41178
1.72490 0.00000 1.72490 1.72490
