# avg	std	min	max
1.69246 0.00000 1.69246 1.69246
0.03137 0.00000 0.03137 0.03137
0.25183 0.00000 0.25183 0.25183
-0.48358 0.00000 -0.48358 -0.48358
-0.24053 0.00000 -0.24053 -0.24053
-1.54841 0.00000 -1.54841 -1.54841
15.24948 0.00000 15.24948 15.24948
22.72262 0.00000 22.72262 22.72262
4.76581 0.00000 4.76581 4.76581
0.18732 0.00000 0.18732 0.18732
0.99596 0.00000 0.99596 0.99596
0.00090 0.00000 0.00090 0.00090
15.65746 0.00000 15.65746 15.65746
0.63962 0.00000 0.63962 0.63962
0.81966 0.00000 0.81966 0.81966
1.27526 0.00000 1.27526 1.27526
2.03753 0.00000 2.03753 2.03753
3.95954 0.00000 3.95954 3.95954
5.21101 0.00000 5.21101 5.21101
9.61717 0.00000 9.61717 9.61717
