# avg	std	min	max
0.62885 0.00000 0.62885 0.62885
-0.12273 0.00000 -0.12273 -0.12273
-0.66617 0.00000 -0.66617 -0.66617
0.57381 0.00000 0.57381 0.57381
-0.26560 0.00000 -0.26560 -0.26560
-0.52476 0.00000 -0.52476 -0.52476
3.59134 0.00000 3.59134 3.59134
9.70946 0.00000 9.70946 9.70946
3.00598 0.00000 3.00598 3.00598
0.38494 0.00000 0.38494 0.38494
1.27094 0.00000 1.27094 1.27094
-0.00250 0.00000 -0.00250 -0.00250
3.84335 0.00000 3.84335 3.84335
0.84393 0.00000 0.84393 0.84393
1.60222 0.00000 1.60222 1.60222
5.05137 0.00000 5.05137 5.05137
5.04658 0.00000 5.04658 5.04658
-1.00934 0.00000 -1.00934 -1.00934
-0.67726 0.00000 -0.67726 -0.67726
1.18748 0.00000 1.18748 1.18748
