# avg	std	min	max
2.44036 0.00000 2.44036 2.44036
0.68753 0.00000 0.68753 0.68753
3.53582 0.00000 3.53582 3.53582
-1.40395 0.00000 -1.40395 -1.40395
2.23312 0.00000 2.23312 2.23312
-3.01411 0.00000 -3.01411 -3.01411
6.80302 0.00000 6.80302 6.80302
13.51275 0.00000 13.51275 13.51275
1.65383 0.00000 1.65383 1.65383
2.30381 0.00000 2.30381 2.30381
2.77133 0.00000 2.77133 2.77133
-0.00276 0.00000 -0.00276 -0.00276
10.79718 0.00000 10.79718 10.79718
2.84641 0.00000 2.84641 2.84641
1.21521 0.00000 1.21521 1.21521
4.82533 0.00000 4.82533 4.82533
2.55804 0.00000 2.55804 2.55804
0.57948 0.00000 0.57948 0.57948
6.48687 0.00000 6.48687 6.48687
5.78947 0.00000 5.78947 5.78947
