# avg	std	min	max
1.04537 0.00000 1.04537 1.04537
0.52515 0.00000 0.52515 0.52515
0.59149 0.00000 0.59149 0.59149
0.17511 0.00000 0.17511 0.17511
0.29698 0.00000 0.29698 0.29698
0.31868 0.00000 0.31868 0.31868
0.37450 0.00000 0.37450 0.37450
0.06774 0.00000 0.06774 0.06774
-0.73888 0.00000 -0.73888 -0.73888
0.89763 0.00000 0.89763 0.89763
0.88816 0.00000 0.88816 0.88816
0.89851 0.00000 0.89851 0.89851
0.42240 0.00000 0.42240 0.42240
0.70422 0.00000 0.70422 0.70422
0.43933 0.00000 0.43933 0.43933
-0.02131 0.00000 -0.02131 -0.02131
-0.00453 0.00000 -0.00453 -0.00453
0.59932 0.00000 0.59932 0.59932
0.56548 0.00000 0.56548 0.56548
1.16933 0.00000 1.16933 1.16933
