# avg	std	min	max
-0.06576 0.00000 -0.06576 -0.06576
-0.37875 0.00000 -0.37875 -0.37875
0.07311 0.00000 0.07311 0.07311
-0.32717 0.00000 -0.32717 -0.32717
-0.06030 0.00000 -0.06030 -0.06030
-1.15983 0.00000 -1.15983 -1.15983
-0.26188 0.00000 -0.26188 -0.26188
-0.49114 0.00000 -0.49114 -0.49114
-0.08966 0.00000 -0.08966 -0.08966
-0.77861 0.00000 -0.77861 -0.77861
-0.69017 0.00000 -0.69017 -0.69017
0.14345 0.00000 0.14345 0.14345
-0.22270 0.00000 -0.22270 -0.22270
0.05134 0.00000 0.05134 0.05134
-0.91490 0.00000 -0.91490 -0.91490
-0.00000 0.00000 -0.00000 -0.00000
-0.27971 0.00000 -0.27971 -0.27971
-0.71895 0.00000 -0.71895 -0.71895
-1.01576 0.00000 -1.01576 -1.01576
0.53136 0.00000 0.53136 0.53136
