# avg	std	min	max
1.49897 0.00000 1.49897 1.49897
0.99931 0.00000 0.99931 0.99931
2.22517 0.00000 2.22517 2.22517
1.43550 0.00000 1.43550 1.43550
3.08165 0.00000 3.08165 3.08165
1.39126 0.00000 1.39126 1.39126
0.48483 0.00000 0.48483 0.48483
2.59880 0.00000 2.59880 2.59880
5.92204 0.00000 5.92204 5.92204
1.06122 0.00000 1.06122 1.06122
2.36159 0.00000 2.36159 2.36159
1.57656 0.00000 1.57656 1.57656
0.53095 0.00000 0.53095 0.53095
0.98383 0.00000 0.98383 0.98383
2.24384 0.00000 2.24384 2.24384
-0.00206 0.00000 -0.00206 -0.00206
1.09039 0.00000 1.09039 1.09039
0.72926 0.00000 0.72926 0.72926
1.82719 0.00000 1.82719 1.82719
2.48957 0.00000 2.48957 2.48957
