# avg	std	min	max
-0.53353 0.00000 -0.53353 -0.53353
0.36687 0.00000 0.36687 0.36687
0.81363 0.00000 0.81363 0.81363
0.03955 0.00000 0.03955 0.03955
1.96345 0.00000 1.96345 1.96345
-0.28499 0.00000 -0.28499 -0.28499
-1.08245 0.00000 -1.08245 -1.08245
-0.49049 0.00000 -0.49049 -0.49049
4.30449 0.00000 4.30449 4.30449
0.50874 0.00000 0.50874 0.50874
0.42447 0.00000 0.42447 0.42447
0.15297 0.00000 0.15297 0.15297
-1.12075 0.00000 -1.12075 -1.12075
-0.09816 0.00000 -0.09816 -0.09816
0.03213 0.00000 0.03213 0.03213
0.00037 0.00000 0.00037 0.00037
0.09258 0.00000 0.09258 0.09258
-0.57935 0.00000 -0.57935 -0.57935
-0.55806 0.00000 -0.55806 -0.55806
-0.33425 0.00000 -0.33425 -0.33425
