# avg	std	min	max
1.64452 0.00000 1.64452 1.64452
0.37624 0.00000 0.37624 0.37624
1.17887 0.00000 1.17887 1.17887
1.01274 0.00000 1.01274 1.01274
3.03297 0.00000 3.03297 3.03297
-0.18637 0.00000 -0.18637 -0.18637
-0.04134 0.00000 -0.04134 -0.04134
1.54422 0.00000 1.54422 1.54422
4.62607 0.00000 4.62607 4.62607
1.20087 0.00000 1.20087 1.20087
0.20284 0.00000 0.20284 0.20284
0.72542 0.00000 0.72542 0.72542
0.69646 0.00000 0.69646 0.69646
0.95668 0.00000 0.95668 0.95668
0.05533 0.00000 0.05533 0.05533
-0.02436 0.00000 -0.02436 -0.02436
0.86825 0.00000 0.86825 0.86825
1.33701 0.00000 1.33701 1.33701
1.67579 0.00000 1.67579 1.67579
-0.08864 0.00000 -0.08864 -0.08864
