# avg	std	min	max
0.84447 0.00000 0.84447 0.84447
-0.01121 0.00000 -0.01121 -0.01121
0.35293 0.00000 0.35293 0.35293
-0.22629 0.00000 -0.22629 -0.22629
-0.12337 0.00000 -0.12337 -0.12337
-0.16219 0.00000 -0.16219 -0.16219
-0.02428 0.00000 -0.02428 -0.02428
-0.09649 0.00000 -0.09649 -0.09649
4.80285 0.00000 4.80285 4.80285
-0.22962 0.00000 -0.22962 -0.22962
-0.12389 0.00000 -0.12389 -0.12389
0.66449 0.00000 0.66449 0.66449
0.15178 0.00000 0.15178 0.15178
-0.39791 0.00000 -0.39791 -0.39791
-0.28089 0.00000 -0.28089 -0.28089
0.00295 0.00000 0.00295 0.00295
-0.27335 0.00000 -0.27335 -0.27335
-0.06054 0.00000 -0.06054 -0.06054
0.09889 0.00000 0.09889 0.09889
-0.11855 0.00000 -0.11855 -0.11855
