# avg	std	min	max
1.07413 0.00000 1.07413 1.07413
0.23866 0.00000 0.23866 0.23866
1.31575 0.00000 1.31575 1.31575
-0.43114 0.00000 -0.43114 -0.43114
0.96457 0.00000 0.96457 0.96457
-0.65403 0.00000 -0.65403 -0.65403
-0.00994 0.00000 -0.00994 -0.00994
0.11992 0.00000 0.11992 0.11992
-0.05210 0.00000 -0.05210 -0.05210
0.86768 0.00000 0.86768 0.86768
1.37928 0.00000 1.37928 1.37928
1.12554 0.00000 1.12554 1.12554
0.35499 0.00000 0.35499 0.35499
0.09439 0.00000 0.09439 0.09439
0.09340 0.00000 0.09340 0.09340
-0.01470 0.00000 -0.01470 -0.01470
0.44154 0.00000 0.44154 0.44154
0.10871 0.00000 0.10871 0.10871
0.88318 0.00000 0.88318 0.88318
1.18122 0.00000 1.18122 1.18122
