# avg	std	min	max
2.27630 0.00000 2.27630 2.27630
2.10473 0.00000 2.10473 2.10473
2.25679 0.00000 2.25679 2.25679
1.38511 0.00000 1.38511 1.38511
1.96184 0.00000 1.96184 1.96184
1.51764 0.00000 1.51764 1.51764
1.89296 0.00000 1.89296 1.89296
1.08640 0.00000 1.08640 1.08640
0.57266 0.00000 0.57266 0.57266
1.70147 0.00000 1.70147 1.70147
2.28897 0.00000 2.28897 2.28897
1.77529 0.00000 1.77529 1.77529
1.85983 0.00000 1.85983 1.85983
-0.37645 0.00000 -0.37645 -0.37645
1.40505 0.00000 1.40505 1.40505
-0.00145 0.00000 -0.00145 -0.00145
0.83635 0.00000 0.83635 0.83635
2.11632 0.00000 2.11632 2.11632
2.23452 0.00000 2.23452 2.23452
2.10823 0.00000 2.10823 2.10823
