# avg	std	min	max
3.31426 0.00000 3.31426 3.31426
1.61557 0.00000 1.61557 1.61557
0.94753 0.00000 0.94753 0.94753
-0.46386 0.00000 -0.46386 -0.46386
2.03127 0.00000 2.03127 2.03127
0.30049 0.00000 0.30049 0.30049
5.08707 0.00000 5.08707 5.08707
4.51134 0.00000 4.51134 4.51134
5.41144 0.00000 5.41144 5.41144
1.90122 0.00000 1.90122 1.90122
2.47145 0.00000 2.47145 2.47145
1.67692 0.00000 1.67692 1.67692
5.72265 0.00000 5.72265 5.72265
2.36204 0.00000 2.36204 2.36204
2.62736 0.00000 2.62736 2.62736
-0.00421 0.00000 -0.00421 -0.00421
0.60250 0.00000 0.60250 0.60250
2.79679 0.00000 2.79679 2.79679
3.29661 0.00000 3.29661 3.29661
7.55419 0.00000 7.55419 7.55419
