# avg	std	min	max
2.04065 0.00000 2.04065 2.04065
1.06169 0.00000 1.06169 1.06169
0.86237 0.00000 0.86237 0.86237
0.17837 0.00000 0.17837 0.17837
0.16458 0.00000 0.16458 0.16458
0.13464 0.00000 0.13464 0.13464
0.12156 0.00000 0.12156 0.12156
0.41337 0.00000 0.41337 0.41337
2.46549 0.00000 2.46549 2.46549
2.37667 0.00000 2.37667 2.37667
0.57992 0.00000 0.57992 0.57992
1.80530 0.00000 1.80530 1.80530
0.43212 0.00000 0.43212 0.43212
1.25859 0.00000 1.25859 1.25859
0.84833 0.00000 0.84833 0.84833
-0.00339 0.00000 -0.00339 -0.00339
0.78412 0.00000 0.78412 0.78412
0.60975 0.00000 0.60975 0.60975
0.85063 0.00000 0.85063 0.85063
1.29620 0.00000 1.29620 1.29620
