# avg	std	min	max
3.09122 0.00000 3.09122 3.09122
2.45214 0.00000 2.45214 2.45214
4.98755 0.00000 4.98755 4.98755
8.18501 0.00000 8.18501 8.18501
7.22624 0.00000 7.22624 7.22624
9.40065 0.00000 9.40065 9.40065
21.79622 0.00000 21.79622 21.79622
38.47640 0.00000 38.47640 38.47640
10.49566 0.00000 10.49566 10.49566
3.01596 0.00000 3.01596 3.01596
3.79550 0.00000 3.79550 3.79550
2.58480 0.00000 2.58480 2.58480
25.81084 0.00000 25.81084 25.81084
3.65594 0.00000 3.65594 3.65594
12.53034 0.00000 12.53034 12.53034
-0.43731 0.00000 -0.43731 -0.43731
6.29522 0.00000 6.29522 6.29522
17.00540 0.00000 17.00540 17.00540
23.22596 0.00000 23.22596 23.22596
19.63772 0.00000 19.63772 19.63772
