# avg	std	min	max
2.02579 0.00000 2.02579 2.02579
1.00468 0.00000 1.00468 1.00468
1.02962 0.00000 1.02962 1.02962
0.32800 0.00000 0.32800 0.32800
0.29973 0.00000 0.29973 0.29973
0.19775 0.00000 0.19775 0.19775
0.29397 0.00000 0.29397 0.29397
0.38955 0.00000 0.38955 0.38955
-0.42484 0.00000 -0.42484 -0.42484
1.83015 0.00000 1.83015 1.83015
1.51769 0.00000 1.51769 1.51769
1.45778 0.00000 1.45778 1.45778
0.40769 0.00000 0.40769 0.40769
0.75698 0.00000 0.75698 0.75698
0.48019 0.00000 0.48019 0.48019
-0.01358 0.00000 -0.01358 -0.01358
0.38378 0.00000 0.38378 0.38378
0.52844 0.00000 0.52844 0.52844
0.59076 0.00000 0.59076 0.59076
0.21526 0.00000 0.21526 0.21526
