# avg	std	min	max
0.87411 0.00000 0.87411 0.87411
-0.09681 0.00000 -0.09681 -0.09681
0.48500 0.00000 0.48500 0.48500
-0.45051 0.00000 -0.45051 -0.45051
-0.15203 0.00000 -0.15203 -0.15203
-0.66908 0.00000 -0.66908 -0.66908
-0.53571 0.00000 -0.53571 -0.53571
-0.27765 0.00000 -0.27765 -0.27765
3.63909 0.00000 3.63909 3.63909
-0.02489 0.00000 -0.02489 -0.02489
0.29103 0.00000 0.29103 0.29103
0.61564 0.00000 0.61564 0.61564
-0.33801 0.00000 -0.33801 -0.33801
-0.03251 0.00000 -0.03251 -0.03251
-0.24711 0.00000 -0.24711 -0.24711
-0.01366 0.00000 -0.01366 -0.01366
0.01799 0.00000 0.01799 0.01799
-0.28183 0.00000 -0.28183 -0.28183
-0.11374 0.00000 -0.11374 -0.11374
0.11627 0.00000 0.11627 0.11627
