# avg	std	min	max
1.19192 0.00000 1.19192 1.19192
0.50240 0.00000 0.50240 0.50240
-0.39470 0.00000 -0.39470 -0.39470
-0.17738 0.00000 -0.17738 -0.17738
1.86497 0.00000 1.86497 1.86497
-0.56429 0.00000 -0.56429 -0.56429
-0.60804 0.00000 -0.60804 -0.60804
3.89859 0.00000 3.89859 3.89859
3.78747 0.00000 3.78747 3.78747
1.10006 0.00000 1.10006 1.10006
0.99357 0.00000 0.99357 0.99357
0.31399 0.00000 0.31399 0.31399
1.30175 0.00000 1.30175 1.30175
0.45051 0.00000 0.45051 0.45051
1.16474 0.00000 1.16474 1.16474
-0.01801 0.00000 -0.01801 -0.01801
0.27988 0.00000 0.27988 0.27988
1.94952 0.00000 1.94952 1.94952
2.12792 0.00000 2.12792 2.12792
1.36970 0.00000 1.36970 1.36970
