# avg	std	min	max
-0.18183 0.00000 -0.18183 -0.18183
0.36120 0.00000 0.36120 0.36120
2.39943 0.00000 2.39943 2.39943
-0.11281 0.00000 -0.11281 -0.11281
2.17811 0.00000 2.17811 2.17811
0.19162 0.00000 0.19162 0.19162
0.12890 0.00000 0.12890 0.12890
0.11590 0.00000 0.11590 0.11590
2.33618 0.00000 2.33618 2.33618
0.26464 0.00000 0.26464 0.26464
0.74766 0.00000 0.74766 0.74766
0.21963 0.00000 0.21963 0.21963
0.14535 0.00000 0.14535 0.14535
-0.23075 0.00000 -0.23075 -0.23075
-0.03151 0.00000 -0.03151 -0.03151
0.00011 0.00000 0.00011 0.00011
0.17681 0.00000 0.17681 0.17681
-0.04934 0.00000 -0.04934 -0.04934
0.08804 0.00000 0.08804 0.08804
0.32045 0.00000 0.32045 0.32045
