# avg	std	min	max
4.74438 0.00000 4.74438 4.74438
4.47164 0.00000 4.47164 4.47164
3.65308 0.00000 3.65308 3.65308
3.71746 0.00000 3.71746 3.71746
3.43944 0.00000 3.43944 3.43944
3.88737 0.00000 3.88737 3.88737
3.68754 0.00000 3.68754 3.68754
4.16691 0.00000 4.16691 4.16691
11.49470 0.00000 11.49470 11.49470
4.73101 0.00000 4.73101 4.73101
3.84828 0.00000 3.84828 3.84828
4.01823 0.00000 4.01823 4.01823
3.37118 0.00000 3.37118 3.37118
2.64506 0.00000 2.64506 2.64506
3.87821 0.00000 3.87821 3.87821
-0.02482 0.00000 -0.02482 -0.02482
1.01189 0.00000 1.01189 1.01189
4.22331 0.00000 4.22331 4.22331
4.29277 0.00000 4.29277 4.29277
3.74221 0.00000 3.74221 3.74221
