# avg	std	min	max
2.68980 0.00000 2.68980 2.68980
1.13692 0.00000 1.13692 1.13692
0.85745 0.00000 0.85745 0.85745
0.19397 0.00000 0.19397 0.19397
0.23754 0.00000 0.23754 0.23754
-0.40297 0.00000 -0.40297 -0.40297
1.80130 0.00000 1.80130 1.80130
2.52883 0.00000 2.52883 2.52883
2.11874 0.00000 2.11874 2.11874
1.52224 0.00000 1.52224 1.52224
1.56262 0.00000 1.56262 1.56262
0.77236 0.00000 0.77236 0.77236
2.14184 0.00000 2.14184 2.14184
0.23130 0.00000 0.23130 0.23130
1.04536 0.00000 1.04536 1.04536
-0.01135 0.00000 -0.01135 -0.01135
1.50195 0.00000 1.50195 1.50195
0.03270 0.00000 0.03270 0.03270
-0.58589 0.00000 -0.58589 -0.58589
1.21232 0.00000 1.21232 1.21232
