# avg	std	min	max
1.85318 0.00000 1.85318 1.85318
0.86360 0.00000 0.86360 0.86360
2.06287 0.00000 2.06287 2.06287
0.08652 0.00000 0.08652 0.08652
1.56715 0.00000 1.56715 1.56715
-0.10675 0.00000 -0.10675 -0.10675
0.21739 0.00000 0.21739 0.21739
0.40512 0.00000 0.40512 0.40512
-0.54707 0.00000 -0.54707 -0.54707
1.43967 0.00000 1.43967 1.43967
1.36490 0.00000 1.36490 1.36490
1.25431 0.00000 1.25431 1.25431
0.39503 0.00000 0.39503 0.39503
0.67510 0.00000 0.67510 0.67510
0.34884 0.00000 0.34884 0.34884
-0.00010 0.00000 -0.00010 -0.00010
0.05561 0.00000 0.05561 0.05561
-0.06896 0.00000 -0.06896 -0.06896
-0.07335 0.00000 -0.07335 -0.07335
1.06293 0.00000 1.06293 1.06293
