# avg	std	min	max
2.07574 0.00000 2.07574 2.07574
0.48039 0.00000 0.48039 0.48039
0.44994 0.00000 0.44994 0.44994
0.43808 0.00000 0.43808 0.43808
0.17931 0.00000 0.17931 0.17931
-0.11955 0.00000 -0.11955 -0.11955
0.45934 0.00000 0.45934 0.45934
0.35877 0.00000 0.35877 0.35877
2.67077 0.00000 2.67077 2.67077
0.47133 0.00000 0.47133 0.47133
0.49825 0.00000 0.49825 0.49825
0.27330 0.00000 0.27330 0.27330
0.46471 0.00000 0.46471 0.46471
0.11623 0.00000 0.11623 0.11623
-0.43606 0.00000 -0.43606 -0.43606
-0.00173 0.00000 -0.00173 -0.00173
0.45139 0.00000 0.45139 0.45139
0.04878 0.00000 0.04878 0.04878
0.03086 0.00000 0.03086 0.03086
0.54908 0.00000 0.54908 0.54908
