# avg	std	min	max
-0.64879 0.00000 -0.64879 -0.64879
-0.98780 0.00000 -0.98780 -0.98780
-0.18554 0.00000 -0.18554 -0.18554
-0.83715 0.00000 -0.83715 -0.83715
0.52011 0.00000 0.52011 0.52011
-0.70318 0.00000 -0.70318 -0.70318
0.82037 0.00000 0.82037 0.82037
3.07748 0.00000 3.07748 3.07748
-1.42259 0.00000 -1.42259 -1.42259
-0.60673 0.00000 -0.60673 -0.60673
-0.15263 0.00000 -0.15263 -0.15263
-0.49413 0.00000 -0.49413 -0.49413
0.88327 0.00000 0.88327 0.88327
0.08040 0.00000 0.08040 0.08040
-0.55300 0.00000 -0.55300 -0.55300
-0.02642 0.00000 -0.02642 -0.02642
0.34401 0.00000 0.34401 0.34401
0.67177 0.00000 0.67177 0.67177
1.11561 0.00000 1.11561 1.11561
1.99422 0.00000 1.99422 1.99422
