# avg	std	min	max
0.50046 0.00000 0.50046 0.50046
-0.70155 0.00000 -0.70155 -0.70155
-1.08445 0.00000 -1.08445 -1.08445
-1.77592 0.00000 -1.77592 -1.77592
-1.80999 0.00000 -1.80999 -1.80999
-2.09392 0.00000 -2.09392 -2.09392
-1.37626 0.00000 -1.37626 -1.37626
-1.06086 0.00000 -1.06086 -1.06086
2.91116 0.00000 2.91116 2.91116
-0.32458 0.00000 -0.32458 -0.32458
-0.31453 0.00000 -0.31453 -0.31453
-0.22470 0.00000 -0.22470 -0.22470
-1.56602 0.00000 -1.56602 -1.56602
-0.41132 0.00000 -0.41132 -0.41132
-1.56919 0.00000 -1.56919 -1.56919
-0.01426 0.00000 -0.01426 -0.01426
-0.65813 0.00000 -0.65813 -0.65813
-1.43683 0.00000 -1.43683 -1.43683
-1.33818 0.00000 -1.33818 -1.33818
-0.68508 0.00000 -0.68508 -0.68508
