# avg	std	min	max
0.65903 0.00000 0.65903 0.65903
-0.34133 0.00000 -0.34133 -0.34133
1.37746 0.00000 1.37746 1.37746
-0.65522 0.00000 -0.65522 -0.65522
1.39367 0.00000 1.39367 1.39367
-0.52940 0.00000 -0.52940 -0.52940
0.81754 0.00000 0.81754 0.81754
2.19772 0.00000 2.19772 2.19772
0.91368 0.00000 0.91368 0.91368
-0.06879 0.00000 -0.06879 -0.06879
0.81143 0.00000 0.81143 0.81143
0.39280 0.00000 0.39280 0.39280
1.07249 0.00000 1.07249 1.07249
0.20296 0.00000 0.20296 0.20296
0.38365 0.00000 0.38365 0.38365
-0.00418 0.00000 -0.00418 -0.00418
0.36583 0.00000 0.36583 0.36583
0.24940 0.00000 0.24940 0.24940
0.23001 0.00000 0.23001 0.23001
-0.11587 0.00000 -0.11587 -0.11587
