# avg	std	min	max
1.34724 0.00000 1.34724 1.34724
0.30876 0.00000 0.30876 0.30876
0.90446 0.00000 0.90446 0.90446
-0.23216 0.00000 -0.23216 -0.23216
0.58766 0.00000 0.58766 0.58766
-0.44563 0.00000 -0.44563 -0.44563
0.63617 0.00000 0.63617 0.63617
1.07749 0.00000 1.07749 1.07749
3.99068 0.00000 3.99068 3.99068
-0.48631 0.00000 -0.48631 -0.48631
-0.28717 0.00000 -0.28717 -0.28717
0.35000 0.00000 0.35000 0.35000
0.94648 0.00000 0.94648 0.94648
0.18772 0.00000 0.18772 0.18772
-0.04234 0.00000 -0.04234 -0.04234
-0.02721 0.00000 -0.02721 -0.02721
0.10331 0.00000 0.10331 0.10331
-0.27806 0.00000 -0.27806 -0.27806
-0.64071 0.00000 -0.64071 -0.64071
1.20806 0.00000 1.20806 1.20806
