# avg	std	min	max
0.95905 0.00000 0.95905 0.95905
-0.12435 0.00000 -0.12435 -0.12435
-1.21166 0.00000 -1.21166 -1.21166
0.09112 0.00000 0.09112 0.09112
-0.35535 0.00000 -0.35535 -0.35535
-0.46206 0.00000 -0.46206 -0.46206
9.19090 0.00000 9.19090 9.19090
14.06928 0.00000 14.06928 14.06928
1.31676 0.00000 1.31676 1.31676
-0.16450 0.00000 -0.16450 -0.16450
-0.75925 0.00000 -0.75925 -0.75925
-1.05525 0.00000 -1.05525 -1.05525
12.80792 0.00000 12.80792 12.80792
-0.75682 0.00000 -0.75682 -0.75682
0.97796 0.00000 0.97796 0.97796
0.00062 0.00000 0.00062 0.00062
1.81036 0.00000 1.81036 1.81036
0.17697 0.00000 0.17697 0.17697
2.28196 0.00000 2.28196 2.28196
6.24216 0.00000 6.24216 6.24216
