# avg	std	min	max
2.79167 0.00000 2.79167 2.79167
1.65334 0.00000 1.65334 1.65334
1.73338 0.00000 1.73338 1.73338
0.80031 0.00000 0.80031 0.80031
0.99958 0.00000 0.99958 0.99958
0.71984 0.00000 0.71984 0.71984
-0.90331 0.00000 -0.90331 -0.90331
1.25490 0.00000 1.25490 1.25490
5.61830 0.00000 5.61830 5.61830
1.95930 0.00000 1.95930 1.95930
2.10728 0.00000 2.10728 2.10728
2.11144 0.00000 2.11144 2.11144
-0.62352 0.00000 -0.62352 -0.62352
1.45500 0.00000 1.45500 1.45500
1.28373 0.00000 1.28373 1.28373
-0.07687 0.00000 -0.07687 -0.07687
0.72396 0.00000 0.72396 0.72396
1.05697 0.00000 1.05697 1.05697
1.44730 0.00000 1.44730 1.44730
1.75604 0.00000 1.75604 1.75604
