# avg	std	min	max
0.14054 0.00000 0.14054 0.14054
-0.06557 0.00000 -0.06557 -0.06557
-0.08092 0.00000 -0.08092 -0.08092
-0.46757 0.00000 -0.46757 -0.46757
-0.50754 0.00000 -0.50754 -0.50754
-0.49258 0.00000 -0.49258 -0.49258
-0.63447 0.00000 -0.63447 -0.63447
-0.31618 0.00000 -0.31618 -0.31618
-0.86125 0.00000 -0.86125 -0.86125
-0.32831 0.00000 -0.32831 -0.32831
-0.28545 0.00000 -0.28545 -0.28545
-0.25352 0.00000 -0.25352 -0.25352
-0.58655 0.00000 -0.58655 -0.58655
-0.54742 0.00000 -0.54742 -0.54742
-0.84551 0.00000 -0.84551 -0.84551
-0.00116 0.00000 -0.00116 -0.00116
-0.77017 0.00000 -0.77017 -0.77017
-0.67563 0.00000 -0.67563 -0.67563
-0.91739 0.00000 -0.91739 -0.91739
-0.23089 0.00000 -0.23089 -0.23089
