# avg	std	min	max
0.93811 0.00000 0.93811 0.93811
0.25403 0.00000 0.25403 0.25403
0.16128 0.00000 0.16128 0.16128
-0.49432 0.00000 -0.49432 -0.49432
-0.34932 0.00000 -0.34932 -0.34932
-0.20283 0.00000 -0.20283 -0.20283
0.11900 0.00000 0.11900 0.11900
-0.22063 0.00000 -0.22063 -0.22063
1.36648 0.00000 1.36648 1.36648
0.85716 0.00000 0.85716 0.85716
0.77539 0.00000 0.77539 0.77539
1.04990 0.00000 1.04990 1.04990
0.42086 0.00000 0.42086 0.42086
0.48330 0.00000 0.48330 0.48330
0.05802 0.00000 0.05802 0.05802
-0.00481 0.00000 -0.00481 -0.00481
-0.05270 0.00000 -0.05270 -0.05270
0.43596 0.00000 0.43596 0.43596
0.79724 0.00000 0.79724 0.79724
0.70728 0.00000 0.70728 0.70728
