# avg	std	min	max
-1.71494 0.00000 -1.71494 -1.71494
-0.17249 0.00000 -0.17249 -0.17249
0.20653 0.00000 0.20653 0.20653
-0.05154 0.00000 -0.05154 -0.05154
0.27477 0.00000 0.27477 0.27477
-0.18294 0.00000 -0.18294 -0.18294
-0.34864 0.00000 -0.34864 -0.34864
-0.37345 0.00000 -0.37345 -0.37345
1.77292 0.00000 1.77292 1.77292
-0.00706 0.00000 -0.00706 -0.00706
-0.00202 0.00000 -0.00202 -0.00202
-0.12708 0.00000 -0.12708 -0.12708
-0.36093 0.00000 -0.36093 -0.36093
-0.07016 0.00000 -0.07016 -0.07016
-0.11306 0.00000 -0.11306 -0.11306
-0.00121 0.00000 -0.00121 -0.00121
-0.05064 0.00000 -0.05064 -0.05064
-0.19226 0.00000 -0.19226 -0.19226
-0.40493 0.00000 -0.40493 -0.40493
-0.15418 0.00000 -0.15418 -0.15418
