# avg	std	min	max
2.51273 0.00000 2.51273 2.51273
1.05819 0.00000 1.05819 1.05819
-0.73171 0.00000 -0.73171 -0.73171
-1.37361 0.00000 -1.37361 -1.37361
0.24634 0.00000 0.24634 0.24634
-0.36167 0.00000 -0.36167 -0.36167
0.28733 0.00000 0.28733 0.28733
5.66329 0.00000 5.66329 5.66329
5.68304 0.00000 5.68304 5.68304
1.42896 0.00000 1.42896 1.42896
0.19090 0.00000 0.19090 0.19090
0.40092 0.00000 0.40092 0.40092
0.47673 0.00000 0.47673 0.47673
-0.20116 0.00000 -0.20116 -0.20116
1.20998 0.00000 1.20998 1.20998
-0.07017 0.00000 -0.07017 -0.07017
1.15862 0.00000 1.15862 1.15862
0.53719 0.00000 0.53719 0.53719
0.32548 0.00000 0.32548 0.32548
2.57674 0.00000 2.57674 2.57674
