# avg	std	min	max
1.92877 0.00000 1.92877 1.92877
1.61341 0.00000 1.61341 1.61341
2.09385 0.00000 2.09385 2.09385
1.02303 0.00000 1.02303 1.02303
2.84965 0.00000 2.84965 2.84965
0.66638 0.00000 0.66638 0.66638
0.80297 0.00000 0.80297 0.80297
0.35078 0.00000 0.35078 0.35078
0.01127 0.00000 0.01127 0.01127
2.24281 0.00000 2.24281 2.24281
3.14549 0.00000 3.14549 3.14549
1.91676 0.00000 1.91676 1.91676
1.02010 0.00000 1.02010 1.02010
1.36835 0.00000 1.36835 1.36835
1.06253 0.00000 1.06253 1.06253
-0.01313 0.00000 -0.01313 -0.01313
0.36745 0.00000 0.36745 0.36745
1.49800 0.00000 1.49800 1.49800
1.89907 0.00000 1.89907 1.89907
1.00791 0.00000 1.00791 1.00791
