# avg	std	min	max
-0.13014 0.00000 -0.13014 -0.13014
-0.42851 0.00000 -0.42851 -0.42851
-0.72498 0.00000 -0.72498 -0.72498
-1.04475 0.00000 -1.04475 -1.04475
-1.11431 0.00000 -1.11431 -1.11431
-1.02973 0.00000 -1.02973 -1.02973
-1.11779 0.00000 -1.11779 -1.11779
-0.66510 0.00000 -0.66510 -0.66510
4.55091 0.00000 4.55091 4.55091
-0.22140 0.00000 -0.22140 -0.22140
-1.13230 0.00000 -1.13230 -1.13230
-0.10073 0.00000 -0.10073 -0.10073
-1.05615 0.00000 -1.05615 -1.05615
-1.02510 0.00000 -1.02510 -1.02510
-1.34962 0.00000 -1.34962 -1.34962
0.00115 0.00000 0.00115 0.00115
-0.58670 0.00000 -0.58670 -0.58670
-1.75468 0.00000 -1.75468 -1.75468
-1.63679 0.00000 -1.63679 -1.63679
-0.94051 0.00000 -0.94051 -0.94051
