# avg	std	min	max
0.85952 0.00000 0.85952 0.85952
0.08093 0.00000 0.08093 0.08093
-0.66873 0.00000 -0.66873 -0.66873
-0.22733 0.00000 -0.22733 -0.22733
-0.94005 0.00000 -0.94005 -0.94005
-0.83806 0.00000 -0.83806 -0.83806
0.71816 0.00000 0.71816 0.71816
1.10454 0.00000 1.10454 1.10454
2.74032 0.00000 2.74032 2.74032
0.75576 0.00000 0.75576 0.75576
0.28762 0.00000 0.28762 0.28762
0.15397 0.00000 0.15397 0.15397
0.50137 0.00000 0.50137 0.50137
1.03247 0.00000 1.03247 1.03247
-0.04407 0.00000 -0.04407 -0.04407
1.00120 0.00000 1.00120 1.00120
0.00000 0.00000 0.00000 0.00000
-0.54390 0.00000 -0.54390 -0.54390
-1.04461 0.00000 -1.04461 -1.04461
1.28004 0.00000 1.28004 1.28004
