# avg	std	min	max
3.30090 0.00000 3.30090 3.30090
2.11830 0.00000 2.11830 2.11830
2.22595 0.00000 2.22595 2.22595
0.63174 0.00000 0.63174 0.63174
1.21109 0.00000 1.21109 1.21109
0.89000 0.00000 0.89000 0.89000
1.39497 0.00000 1.39497 1.39497
2.01117 0.00000 2.01117 2.01117
4.50158 0.00000 4.50158 4.50158
1.95297 0.00000 1.95297 1.95297
2.40991 0.00000 2.40991 2.40991
1.69192 0.00000 1.69192 1.69192
2.14610 0.00000 2.14610 2.14610
1.81026 0.00000 1.81026 1.81026
1.13983 0.00000 1.13983 1.13983
2.75531 0.00000 2.75531 2.75531
-0.03170 0.00000 -0.03170 -0.03170
1.57439 0.00000 1.57439 1.57439
2.09025 0.00000 2.09025 2.09025
1.55317 0.00000 1.55317 1.55317
