# avg	std	min	max
1.21965 0.00000 1.21965 1.21965
-0.04025 0.00000 -0.04025 -0.04025
-0.23303 0.00000 -0.23303 -0.23303
-0.67745 0.00000 -0.67745 -0.67745
-0.48521 0.00000 -0.48521 -0.48521
-0.84009 0.00000 -0.84009 -0.84009
-0.54699 0.00000 -0.54699 -0.54699
0.27902 0.00000 0.27902 0.27902
-1.14120 0.00000 -1.14120 -1.14120
0.66951 0.00000 0.66951 0.66951
0.95131 0.00000 0.95131 0.95131
0.60713 0.00000 0.60713 0.60713
-0.34632 0.00000 -0.34632 -0.34632
-0.00252 0.00000 -0.00252 -0.00252
-0.20701 0.00000 -0.20701 -0.20701
1.11437 0.00000 1.11437 1.11437
-0.06029 0.00000 -0.06029 -0.06029
-0.52515 0.00000 -0.52515 -0.52515
0.04533 0.00000 0.04533 0.04533
0.21455 0.00000 0.21455 0.21455
