# avg	std	min	max
0.88688 0.00000 0.88688 0.88688
0.40515 0.00000 0.40515 0.40515
0.28930 0.00000 0.28930 0.28930
-0.16597 0.00000 -0.16597 -0.16597
-0.16531 0.00000 -0.16531 -0.16531
-0.29272 0.00000 -0.29272 -0.29272
0.35291 0.00000 0.35291 0.35291
0.56263 0.00000 0.56263 0.56263
4.23784 0.00000 4.23784 4.23784
0.50048 0.00000 0.50048 0.50048
0.66815 0.00000 0.66815 0.66815
0.43183 0.00000 0.43183 0.43183
0.13802 0.00000 0.13802 0.13802
0.70615 0.00000 0.70615 0.70615
-0.11096 0.00000 -0.11096 -0.11096
0.43174 0.00000 0.43174 0.43174
0.01771 0.00000 0.01771 0.01771
-0.17496 0.00000 -0.17496 -0.17496
-0.29070 0.00000 -0.29070 -0.29070
0.66463 0.00000 0.66463 0.66463
