# avg	std	min	max
0.59752 0.00000 0.59752 0.59752
0.24642 0.00000 0.24642 0.24642
0.35536 0.00000 0.35536 0.35536
-0.04968 0.00000 -0.04968 -0.04968
0.24248 0.00000 0.24248 0.24248
-0.09378 0.00000 -0.09378 -0.09378
-0.09899 0.00000 -0.09899 -0.09899
0.49965 0.00000 0.49965 0.49965
0.74176 0.00000 0.74176 0.74176
0.48415 0.00000 0.48415 0.48415
0.92869 0.00000 0.92869 0.92869
0.30991 0.00000 0.30991 0.30991
0.00245 0.00000 0.00245 0.00245
0.03006 0.00000 0.03006 0.03006
-0.04311 0.00000 -0.04311 -0.04311
-0.05070 0.00000 -0.05070 -0.05070
-0.03355 0.00000 -0.03355 -0.03355
0.17905 0.00000 0.17905 0.17905
-0.43967 0.00000 -0.43967 -0.43967
0.04054 0.00000 0.04054 0.04054
