# avg	std	min	max
1.08011 0.00000 1.08011 1.08011
0.24862 0.00000 0.24862 0.24862
0.30964 0.00000 0.30964 0.30964
-0.14548 0.00000 -0.14548 -0.14548
-0.11913 0.00000 -0.11913 -0.11913
-0.06328 0.00000 -0.06328 -0.06328
0.23037 0.00000 0.23037 0.23037
0.38694 0.00000 0.38694 0.38694
0.02435 0.00000 0.02435 0.02435
0.66604 0.00000 0.66604 0.66604
0.54272 0.00000 0.54272 0.54272
1.06121 0.00000 1.06121 1.06121
0.46952 0.00000 0.46952 0.46952
0.97916 0.00000 0.97916 0.97916
0.14289 0.00000 0.14289 0.14289
0.38130 0.00000 0.38130 0.38130
-0.00610 0.00000 -0.00610 -0.00610
0.11161 0.00000 0.11161 0.11161
0.28392 0.00000 0.28392 0.28392
0.77691 0.00000 0.77691 0.77691
