# avg	std	min	max
1.75244 0.00000 1.75244 1.75244
0.43527 0.00000 0.43527 0.43527
0.47841 0.00000 0.47841 0.47841
-0.24592 0.00000 -0.24592 -0.24592
0.02251 0.00000 0.02251 0.02251
-0.16541 0.00000 -0.16541 -0.16541
-0.29167 0.00000 -0.29167 -0.29167
0.69676 0.00000 0.69676 0.69676
1.58549 0.00000 1.58549 1.58549
1.58039 0.00000 1.58039 1.58039
0.56368 0.00000 0.56368 0.56368
0.63706 0.00000 0.63706 0.63706
0.04827 0.00000 0.04827 0.04827
0.42594 0.00000 0.42594 0.42594
-0.13872 0.00000 -0.13872 -0.13872
0.44908 0.00000 0.44908 0.44908
-0.02545 0.00000 -0.02545 -0.02545
0.41447 0.00000 0.41447 0.41447
0.81885 0.00000 0.81885 0.81885
1.31667 0.00000 1.31667 1.31667
