# avg	std	min	max
1.06577 0.00000 1.06577 1.06577
0.33761 0.00000 0.33761 0.33761
0.55378 0.00000 0.55378 0.55378
-0.34556 0.00000 -0.34556 -0.34556
-0.10991 0.00000 -0.10991 -0.10991
-0.39347 0.00000 -0.39347 -0.39347
-0.33464 0.00000 -0.33464 -0.33464
-0.17093 0.00000 -0.17093 -0.17093
2.97688 0.00000 2.97688 2.97688
0.23749 0.00000 0.23749 0.23749
0.22745 0.00000 0.22745 0.22745
0.93269 0.00000 0.93269 0.93269
-0.22226 0.00000 -0.22226 -0.22226
0.19228 0.00000 0.19228 0.19228
0.02971 0.00000 0.02971 0.02971
0.46066 0.00000 0.46066 0.46066
-0.01755 0.00000 -0.01755 -0.01755
0.01369 0.00000 0.01369 0.01369
-0.00601 0.00000 -0.00601 -0.00601
0.40608 0.00000 0.40608 0.40608
