# avg	std	min	max
1.06876 0.00000 1.06876 1.06876
0.18794 0.00000 0.18794 0.18794
-0.00890 0.00000 -0.00890 -0.00890
-1.36667 0.00000 -1.36667 -1.36667
-0.78060 0.00000 -0.78060 -0.78060
-1.17275 0.00000 -1.17275 -1.17275
-1.51624 0.00000 -1.51624 -1.51624
-1.14893 0.00000 -1.14893 -1.14893
4.35799 0.00000 4.35799 4.35799
0.19226 0.00000 0.19226 0.19226
0.35054 0.00000 0.35054 0.35054
0.35480 0.00000 0.35480 0.35480
-1.28094 0.00000 -1.28094 -1.28094
-0.29354 0.00000 -0.29354 -0.29354
-0.30665 0.00000 -0.30665 -0.30665
0.51797 0.00000 0.51797 0.51797
-0.00143 0.00000 -0.00143 -0.00143
-0.68221 0.00000 -0.68221 -0.68221
-0.56261 0.00000 -0.56261 -0.56261
-1.04261 0.00000 -1.04261 -1.04261
