# avg	std	min	max
-0.43980 0.00000 -0.43980 -0.43980
-0.87274 0.00000 -0.87274 -0.87274
0.52280 0.00000 0.52280 0.52280
-0.94672 0.00000 -0.94672 -0.94672
0.02755 0.00000 0.02755 0.02755
-0.95230 0.00000 -0.95230 -0.95230
-1.46747 0.00000 -1.46747 -1.46747
-0.85254 0.00000 -0.85254 -0.85254
2.23126 0.00000 2.23126 2.23126
-0.54743 0.00000 -0.54743 -0.54743
0.50366 0.00000 0.50366 0.50366
0.21432 0.00000 0.21432 0.21432
-1.14457 0.00000 -1.14457 -1.14457
0.55754 0.00000 0.55754 0.55754
0.16953 0.00000 0.16953 0.16953
0.99611 0.00000 0.99611 0.99611
-0.02396 0.00000 -0.02396 -0.02396
-0.34864 0.00000 -0.34864 -0.34864
-0.97605 0.00000 -0.97605 -0.97605
-0.70542 0.00000 -0.70542 -0.70542
