# avg	std	min	max
1.37219 0.00000 1.37219 1.37219
-0.03979 0.00000 -0.03979 -0.03979
1.14979 0.00000 1.14979 1.14979
-1.17737 0.00000 -1.17737 -1.17737
2.22564 0.00000 2.22564 2.22564
-1.13517 0.00000 -1.13517 -1.13517
0.81454 0.00000 0.81454 0.81454
0.66046 0.00000 0.66046 0.66046
0.51973 0.00000 0.51973 0.51973
0.49234 0.00000 0.49234 0.49234
0.13999 0.00000 0.13999 0.13999
-0.06990 0.00000 -0.06990 -0.06990
1.47722 0.00000 1.47722 1.47722
-0.34085 0.00000 -0.34085 -0.34085
-0.07520 0.00000 -0.07520 -0.07520
0.79596 0.00000 0.79596 0.79596
-0.06063 0.00000 -0.06063 -0.06063
-0.17023 0.00000 -0.17023 -0.17023
0.47427 0.00000 0.47427 0.47427
0.50222 0.00000 0.50222 0.50222
