# avg	std	min	max
0.93344 0.00000 0.93344 0.93344
0.04674 0.00000 0.04674 0.04674
0.75399 0.00000 0.75399 0.75399
-1.50822 0.00000 -1.50822 -1.50822
2.30640 0.00000 2.30640 2.30640
-1.26092 0.00000 -1.26092 -1.26092
14.19590 0.00000 14.19590 14.19590
22.98210 0.00000 22.98210 22.98210
3.70018 0.00000 3.70018 3.70018
1.45418 0.00000 1.45418 1.45418
1.01849 0.00000 1.01849 1.01849
0.06913 0.00000 0.06913 0.06913
20.04934 0.00000 20.04934 20.04934
1.61820 0.00000 1.61820 1.61820
0.15507 0.00000 0.15507 0.15507
4.03975 0.00000 4.03975 4.03975
-0.02053 0.00000 -0.02053 -0.02053
2.93817 0.00000 2.93817 2.93817
5.38218 0.00000 5.38218 5.38218
5.40388 0.00000 5.40388 5.40388
