# avg	std	min	max
1.38206 0.00000 1.38206 1.38206
-0.21658 0.00000 -0.21658 -0.21658
-1.67105 0.00000 -1.67105 -1.67105
-2.41213 0.00000 -2.41213 -2.41213
-2.04068 0.00000 -2.04068 -2.04068
-2.07414 0.00000 -2.07414 -2.07414
-1.65625 0.00000 -1.65625 -1.65625
-0.25420 0.00000 -0.25420 -0.25420
2.45707 0.00000 2.45707 2.45707
1.51733 0.00000 1.51733 1.51733
-0.08532 0.00000 -0.08532 -0.08532
0.14678 0.00000 0.14678 0.14678
-1.36496 0.00000 -1.36496 -1.36496
-0.59459 0.00000 -0.59459 -0.59459
-0.74981 0.00000 -0.74981 -0.74981
0.71161 0.00000 0.71161 0.71161
-0.00150 0.00000 -0.00150 -0.00150
-0.68062 0.00000 -0.68062 -0.68062
-0.29904 0.00000 -0.29904 -0.29904
-0.59220 0.00000 -0.59220 -0.59220
