# avg	std	min	max
0.12440 0.00000 0.12440 0.12440
-0.51366 0.00000 -0.51366 -0.51366
-0.45959 0.00000 -0.45959 -0.45959
-0.99628 0.00000 -0.99628 -0.99628
-0.75501 0.00000 -0.75501 -0.75501
-1.22599 0.00000 -1.22599 -1.22599
-0.95504 0.00000 -0.95504 -0.95504
-0.45155 0.00000 -0.45155 -0.45155
-1.35992 0.00000 -1.35992 -1.35992
-0.25404 0.00000 -0.25404 -0.25404
-0.37773 0.00000 -0.37773 -0.37773
-0.62588 0.00000 -0.62588 -0.62588
-1.03754 0.00000 -1.03754 -1.03754
-1.30205 0.00000 -1.30205 -1.30205
-1.45369 0.00000 -1.45369 -1.45369
0.88732 0.00000 0.88732 0.88732
-0.01782 0.00000 -0.01782 -0.01782
-0.66581 0.00000 -0.66581 -0.66581
-0.68589 0.00000 -0.68589 -0.68589
0.00660 0.00000 0.00660 0.00660
