# avg	std	min	max
3.12947 0.00000 3.12947 3.12947
1.46136 0.00000 1.46136 1.46136
1.19472 0.00000 1.19472 1.19472
0.74570 0.00000 0.74570 0.74570
0.76892 0.00000 0.76892 0.76892
0.86084 0.00000 0.86084 0.86084
1.15698 0.00000 1.15698 1.15698
1.76550 0.00000 1.76550 1.76550
3.05599 0.00000 3.05599 3.05599
2.62440 0.00000 2.62440 2.62440
4.49072 0.00000 4.49072 4.49072
2.04825 0.00000 2.04825 2.04825
1.39039 0.00000 1.39039 1.39039
1.56720 0.00000 1.56720 1.56720
1.15927 0.00000 1.15927 1.15927
2.82354 0.00000 2.82354 2.82354
-0.01696 0.00000 -0.01696 -0.01696
1.56566 0.00000 1.56566 1.56566
1.87638 0.00000 1.87638 1.87638
1.51665 0.00000 1.51665 1.51665
