# avg	std	min	max
3.25787 0.00000 3.25787 3.25787
3.55124 0.00000 3.55124 3.55124
3.35671 0.00000 3.35671 3.35671
1.39576 0.00000 1.39576 1.39576
3.94725 0.00000 3.94725 3.94725
1.33719 0.00000 1.33719 1.33719
18.16652 0.00000 18.16652 18.16652
27.74232 0.00000 27.74232 27.74232
8.69907 0.00000 8.69907 8.69907
3.59312 0.00000 3.59312 3.59312
4.55525 0.00000 4.55525 4.55525
3.19921 0.00000 3.19921 3.19921
22.38488 0.00000 22.38488 22.38488
4.83403 0.00000 4.83403 4.83403
1.93850 0.00000 1.93850 1.93850
2.85319 0.00000 2.85319 2.85319
-0.17338 0.00000 -0.17338 -0.17338
6.85068 0.00000 6.85068 6.85068
17.00730 0.00000 17.00730 17.00730
14.13044 0.00000 14.13044 14.13044
