# avg	std	min	max
1.41602 0.00000 1.41602 1.41602
0.66134 0.00000 0.66134 0.66134
0.27606 0.00000 0.27606 0.27606
-0.35212 0.00000 -0.35212 -0.35212
-0.09839 0.00000 -0.09839 -0.09839
-0.32878 0.00000 -0.32878 -0.32878
0.36175 0.00000 0.36175 0.36175
0.55878 0.00000 0.55878 0.55878
-1.31437 0.00000 -1.31437 -1.31437
1.16077 0.00000 1.16077 1.16077
0.70948 0.00000 0.70948 0.70948
0.92111 0.00000 0.92111 0.92111
0.44855 0.00000 0.44855 0.44855
0.67968 0.00000 0.67968 0.67968
0.28079 0.00000 0.28079 0.28079
-0.13976 0.00000 -0.13976 -0.13976
-0.11407 0.00000 -0.11407 -0.11407
0.05809 0.00000 0.05809 0.05809
0.32364 0.00000 0.32364 0.32364
1.28030 0.00000 1.28030 1.28030
