# avg	std	min	max
1.67574 0.00000 1.67574 1.67574
1.15411 0.00000 1.15411 1.15411
1.27016 0.00000 1.27016 1.27016
0.70162 0.00000 0.70162 0.70162
0.74964 0.00000 0.74964 0.74964
0.57424 0.00000 0.57424 0.57424
0.23512 0.00000 0.23512 0.23512
0.46753 0.00000 0.46753 0.46753
0.82060 0.00000 0.82060 0.82060
1.66889 0.00000 1.66889 1.66889
1.47204 0.00000 1.47204 1.47204
1.70708 0.00000 1.70708 1.70708
-0.38308 0.00000 -0.38308 -0.38308
1.65453 0.00000 1.65453 1.65453
0.98027 0.00000 0.98027 0.98027
0.63730 0.00000 0.63730 0.63730
-0.00867 0.00000 -0.00867 -0.00867
0.69400 0.00000 0.69400 0.69400
0.69929 0.00000 0.69929 0.69929
1.43923 0.00000 1.43923 1.43923
