# avg	std	min	max
2.18787 0.00000 2.18787 2.18787
0.82804 0.00000 0.82804 0.82804
0.30996 0.00000 0.30996 0.30996
-0.12556 0.00000 -0.12556 -0.12556
2.01561 0.00000 2.01561 2.01561
-0.06613 0.00000 -0.06613 -0.06613
0.84574 0.00000 0.84574 0.84574
1.59750 0.00000 1.59750 1.59750
1.96634 0.00000 1.96634 1.96634
1.62822 0.00000 1.62822 1.62822
-0.08160 0.00000 -0.08160 -0.08160
1.50769 0.00000 1.50769 1.50769
1.45878 0.00000 1.45878 1.45878
1.61148 0.00000 1.61148 1.61148
0.56254 0.00000 0.56254 0.56254
1.52101 0.00000 1.52101 1.52101
0.01029 0.00000 0.01029 0.01029
1.27321 0.00000 1.27321 1.27321
1.57577 0.00000 1.57577 1.57577
1.22182 0.00000 1.22182 1.22182
