# avg	std	min	max
1.30769 0.00000 1.30769 1.30769
0.91155 0.00000 0.91155 0.91155
1.58610 0.00000 1.58610 1.58610
-0.61221 0.00000 -0.61221 -0.61221
1.82846 0.00000 1.82846 1.82846
-0.69985 0.00000 -0.69985 -0.69985
-1.32401 0.00000 -1.32401 -1.32401
-1.17729 0.00000 -1.17729 -1.17729
2.92523 0.00000 2.92523 2.92523
0.76371 0.00000 0.76371 0.76371
-0.09784 0.00000 -0.09784 -0.09784
0.49118 0.00000 0.49118 0.49118
-1.24307 0.00000 -1.24307 -1.24307
0.81015 0.00000 0.81015 0.81015
0.00858 0.00000 0.00858 0.00858
2.94239 0.00000 2.94239 2.94239
0.00105 0.00000 0.00105 0.00105
0.24822 0.00000 0.24822 0.24822
-0.43773 0.00000 -0.43773 -0.43773
0.26229 0.00000 0.26229 0.26229
