# avg	std	min	max
1.61302 0.00000 1.61302 1.61302
0.62132 0.00000 0.62132 0.62132
0.86807 0.00000 0.86807 0.86807
-0.16000 0.00000 -0.16000 -0.16000
0.88410 0.00000 0.88410 0.88410
-0.25456 0.00000 -0.25456 -0.25456
0.12850 0.00000 0.12850 0.12850
0.76503 0.00000 0.76503 0.76503
3.97028 0.00000 3.97028 3.97028
1.49800 0.00000 1.49800 1.49800
2.46164 0.00000 2.46164 2.46164
1.27450 0.00000 1.27450 1.27450
0.20820 0.00000 0.20820 0.20820
1.22407 0.00000 1.22407 1.22407
-0.05692 0.00000 -0.05692 -0.05692
1.28748 0.00000 1.28748 1.28748
-0.01030 0.00000 -0.01030 -0.01030
0.15441 0.00000 0.15441 0.15441
0.45757 0.00000 0.45757 0.45757
1.48455 0.00000 1.48455 1.48455
