# avg	std	min	max
0.00711 0.00000 0.00711 0.00711
-0.14210 0.00000 -0.14210 -0.14210
0.19920 0.00000 0.19920 0.19920
-0.27371 0.00000 -0.27371 -0.27371
-0.19004 0.00000 -0.19004 -0.19004
-0.50318 0.00000 -0.50318 -0.50318
-0.32303 0.00000 -0.32303 -0.32303
-0.43705 0.00000 -0.43705 -0.43705
-1.03584 0.00000 -1.03584 -1.03584
0.07023 0.00000 0.07023 0.07023
0.07906 0.00000 0.07906 0.07906
0.28762 0.00000 0.28762 0.28762
-0.23173 0.00000 -0.23173 -0.23173
0.15988 0.00000 0.15988 0.15988
-0.19101 0.00000 -0.19101 -0.19101
0.17551 0.00000 0.17551 0.17551
-0.00061 0.00000 -0.00061 -0.00061
-0.39624 0.00000 -0.39624 -0.39624
-0.41138 0.00000 -0.41138 -0.41138
0.15485 0.00000 0.15485 0.15485
