# avg	std	min	max
6.13203 0.00000 6.13203 6.13203
5.17213 0.00000 5.17213 5.17213
3.39719 0.00000 3.39719 3.39719
2.48581 0.00000 2.48581 2.48581
3.25674 0.00000 3.25674 3.25674
2.11463 0.00000 2.11463 2.11463
-0.01821 0.00000 -0.01821 -0.01821
2.82697 0.00000 2.82697 2.82697
5.62076 0.00000 5.62076 5.62076
5.76708 0.00000 5.76708 5.76708
5.36259 0.00000 5.36259 5.36259
5.20663 0.00000 5.20663 5.20663
1.03689 0.00000 1.03689 1.03689
5.06667 0.00000 5.06667 5.06667
4.45000 0.00000 4.45000 4.45000
6.36557 0.00000 6.36557 6.36557
5.99194 0.00000 5.99194 5.99194
4.66485 0.00000 4.66485 4.66485
8.05078 0.00000 8.05078 8.05078
3.09107 0.00000 3.09107 3.09107
