# avg	std	min	max
2.91194 0.00000 2.91194 2.91194
1.83162 0.00000 1.83162 1.83162
1.95079 0.00000 1.95079 1.95079
1.17060 0.00000 1.17060 1.17060
1.52359 0.00000 1.52359 1.52359
0.39956 0.00000 0.39956 0.39956
0.00856 0.00000 0.00856 0.00856
0.93678 0.00000 0.93678 0.93678
5.68024 0.00000 5.68024 5.68024
2.55728 0.00000 2.55728 2.55728
2.57617 0.00000 2.57617 2.57617
2.47115 0.00000 2.47115 2.47115
0.62159 0.00000 0.62159 0.62159
1.95196 0.00000 1.95196 1.95196
1.43653 0.00000 1.43653 1.43653
2.55366 0.00000 2.55366 2.55366
1.56308 0.00000 1.56308 1.56308
1.77112 0.00000 1.77112 1.77112
1.98383 0.00000 1.98383 1.98383
1.32825 0.00000 1.32825 1.32825
