# avg	std	min	max
6.55291 0.00000 6.55291 6.55291
5.29086 0.00000 5.29086 5.29086
3.08453 0.00000 3.08453 3.08453
2.19409 0.00000 2.19409 2.19409
2.24375 0.00000 2.24375 2.24375
0.96813 0.00000 0.96813 0.96813
-0.03790 0.00000 -0.03790 -0.03790
2.71320 0.00000 2.71320 2.71320
8.16823 0.00000 8.16823 8.16823
6.23392 0.00000 6.23392 6.23392
4.62688 0.00000 4.62688 4.62688
4.97707 0.00000 4.97707 4.97707
1.01874 0.00000 1.01874 1.01874
4.92205 0.00000 4.92205 4.92205
4.99369 0.00000 4.99369 4.99369
6.20892 0.00000 6.20892 6.20892
5.78276 0.00000 5.78276 5.78276
6.05232 0.00000 6.05232 6.05232
7.54628 0.00000 7.54628 7.54628
3.35903 0.00000 3.35903 3.35903
