# avg	std	min	max
2.85865 0.00000 2.85865 2.85865
3.23032 0.00000 3.23032 3.23032
6.71494 0.00000 6.71494 6.71494
2.86317 0.00000 2.86317 2.86317
6.44402 0.00000 6.44402 6.44402
1.21679 0.00000 1.21679 1.21679
-0.01129 0.00000 -0.01129 -0.01129
0.79882 0.00000 0.79882 0.79882
10.79956 0.00000 10.79956 10.79956
3.40055 0.00000 3.40055 3.40055
6.77622 0.00000 6.77622 6.77622
2.97143 0.00000 2.97143 2.97143
0.92232 0.00000 0.92232 0.92232
3.50968 0.00000 3.50968 3.50968
3.72208 0.00000 3.72208 3.72208
3.75651 0.00000 3.75651 3.75651
4.16582 0.00000 4.16582 4.16582
2.68195 0.00000 2.68195 2.68195
3.39526 0.00000 3.39526 3.39526
2.73912 0.00000 2.73912 2.73912
