# avg	std	min	max
5.10092 0.00000 5.10092 5.10092
3.14603 0.00000 3.14603 3.14603
2.93010 0.00000 2.93010 2.93010
0.23497 0.00000 0.23497 0.23497
2.32166 0.00000 2.32166 2.32166
0.64340 0.00000 0.64340 0.64340
-0.06136 0.00000 -0.06136 -0.06136
8.10049 0.00000 8.10049 8.10049
9.19573 0.00000 9.19573 9.19573
4.64420 0.00000 4.64420 4.64420
4.49993 0.00000 4.49993 4.49993
2.80640 0.00000 2.80640 2.80640
3.63394 0.00000 3.63394 3.63394
3.04290 0.00000 3.04290 3.04290
2.85484 0.00000 2.85484 2.85484
4.23710 0.00000 4.23710 4.23710
3.80875 0.00000 3.80875 3.80875
2.08420 0.00000 2.08420 2.08420
4.79222 0.00000 4.79222 4.79222
2.35184 0.00000 2.35184 2.35184
