# avg	std	min	max
3.72188 0.00000 3.72188 3.72188
2.35309 0.00000 2.35309 2.35309
2.38576 0.00000 2.38576 2.38576
0.70871 0.00000 0.70871 0.70871
1.84379 0.00000 1.84379 1.84379
0.85562 0.00000 0.85562 0.85562
-0.04178 0.00000 -0.04178 -0.04178
9.44313 0.00000 9.44313 9.44313
4.65391 0.00000 4.65391 4.65391
3.66284 0.00000 3.66284 3.66284
3.44466 0.00000 3.44466 3.44466
2.51570 0.00000 2.51570 2.51570
-0.32133 0.00000 -0.32133 -0.32133
2.74400 0.00000 2.74400 2.74400
2.95976 0.00000 2.95976 2.95976
4.50733 0.00000 4.50733 4.50733
3.56388 0.00000 3.56388 3.56388
2.64835 0.00000 2.64835 2.64835
4.33031 0.00000 4.33031 4.33031
2.39628 0.00000 2.39628 2.39628
