# avg	std	min	max
1.05959 0.00000 1.05959 1.05959
0.55407 0.00000 0.55407 0.55407
0.71000 0.00000 0.71000 0.71000
-0.16921 0.00000 -0.16921 -0.16921
0.22263 0.00000 0.22263 0.22263
-0.24785 0.00000 -0.24785 -0.24785
-0.00286 0.00000 -0.00286 -0.00286
0.13820 0.00000 0.13820 0.13820
-1.14224 0.00000 -1.14224 -1.14224
0.87452 0.00000 0.87452 0.87452
0.78717 0.00000 0.78717 0.78717
0.83265 0.00000 0.83265 0.83265
0.25251 0.00000 0.25251 0.25251
0.81149 0.00000 0.81149 0.81149
0.33850 0.00000 0.33850 0.33850
0.77804 0.00000 0.77804 0.77804
0.09710 0.00000 0.09710 0.09710
0.02588 0.00000 0.02588 0.02588
0.33352 0.00000 0.33352 0.33352
0.97803 0.00000 0.97803 0.97803
