# avg	std	min	max
3.33960 0.00000 3.33960 3.33960
2.66527 0.00000 2.66527 2.66527
2.92915 0.00000 2.92915 2.92915
1.14531 0.00000 1.14531 1.14531
3.49171 0.00000 3.49171 3.49171
0.88889 0.00000 0.88889 0.88889
-0.00357 0.00000 -0.00357 -0.00357
0.94547 0.00000 0.94547 0.94547
7.33051 0.00000 7.33051 7.33051
2.42608 0.00000 2.42608 2.42608
1.87230 0.00000 1.87230 1.87230
2.26809 0.00000 2.26809 2.26809
0.15263 0.00000 0.15263 0.15263
2.11340 0.00000 2.11340 2.11340
2.60846 0.00000 2.60846 2.60846
3.56784 0.00000 3.56784 3.56784
2.92378 0.00000 2.92378 2.92378
2.10689 0.00000 2.10689 2.10689
1.96856 0.00000 1.96856 1.96856
1.61138 0.00000 1.61138 1.61138
