# avg	std	min	max
5.84221 0.00000 5.84221 5.84221
4.05132 0.00000 4.05132 4.05132
3.55284 0.00000 3.55284 3.55284
1.15017 0.00000 1.15017 1.15017
2.26015 0.00000 2.26015 2.26015
0.96536 0.00000 0.96536 0.96536
-0.00861 0.00000 -0.00861 -0.00861
0.57481 0.00000 0.57481 0.57481
7.01993 0.00000 7.01993 7.01993
4.26572 0.00000 4.26572 4.26572
4.47515 0.00000 4.47515 4.47515
4.14302 0.00000 4.14302 4.14302
0.99763 0.00000 0.99763 0.99763
3.27575 0.00000 3.27575 3.27575
4.02720 0.00000 4.02720 4.02720
5.28576 0.00000 5.28576 5.28576
6.59006 0.00000 6.59006 6.59006
2.93723 0.00000 2.93723 2.93723
3.26907 0.00000 3.26907 3.26907
2.49857 0.00000 2.49857 2.49857
