# avg	std	min	max
1.67324 0.00000 1.67324 1.67324
1.62115 0.00000 1.62115 1.62115
1.79194 0.00000 1.79194 1.79194
0.58028 0.00000 0.58028 0.58028
1.13913 0.00000 1.13913 1.13913
0.09262 0.00000 0.09262 0.09262
-0.00479 0.00000 -0.00479 -0.00479
0.82610 0.00000 0.82610 0.82610
1.25468 0.00000 1.25468 1.25468
1.53211 0.00000 1.53211 1.53211
1.94456 0.00000 1.94456 1.94456
1.15931 0.00000 1.15931 1.15931
1.11645 0.00000 1.11645 1.11645
1.33641 0.00000 1.33641 1.33641
0.82977 0.00000 0.82977 0.82977
1.25957 0.00000 1.25957 1.25957
0.67599 0.00000 0.67599 0.67599
0.57360 0.00000 0.57360 0.57360
1.17160 0.00000 1.17160 1.17160
1.39201 0.00000 1.39201 1.39201
