# avg	std	min	max
4.78028 0.00000 4.78028 4.78028
4.97931 0.00000 4.97931 4.97931
4.46872 0.00000 4.46872 4.46872
2.14549 0.00000 2.14549 2.14549
4.00829 0.00000 4.00829 4.00829
1.26642 0.00000 1.26642 1.26642
-0.00546 0.00000 -0.00546 -0.00546
2.49562 0.00000 2.49562 2.49562
9.15325 0.00000 9.15325 9.15325
4.54354 0.00000 4.54354 4.54354
4.27137 0.00000 4.27137 4.27137
4.65599 0.00000 4.65599 4.65599
1.30609 0.00000 1.30609 1.30609
3.93696 0.00000 3.93696 3.93696
4.79695 0.00000 4.79695 4.79695
3.87790 0.00000 3.87790 3.87790
5.00044 0.00000 5.00044 5.00044
5.37415 0.00000 5.37415 5.37415
6.18704 0.00000 6.18704 6.18704
3.80742 0.00000 3.80742 3.80742
