# avg	std	min	max
2.98682 0.00000 2.98682 2.98682
2.00012 0.00000 2.00012 2.00012
3.30321 0.00000 3.30321 3.30321
0.53884 0.00000 0.53884 0.53884
2.94537 0.00000 2.94537 2.94537
0.77593 0.00000 0.77593 0.77593
0.00117 0.00000 0.00117 0.00117
1.41013 0.00000 1.41013 1.41013
8.10555 0.00000 8.10555 8.10555
3.23324 0.00000 3.23324 3.23324
3.90739 0.00000 3.90739 3.90739
2.59829 0.00000 2.59829 2.59829
0.27510 0.00000 0.27510 0.27510
2.74606 0.00000 2.74606 2.74606
1.96641 0.00000 1.96641 1.96641
3.14399 0.00000 3.14399 3.14399
1.72407 0.00000 1.72407 1.72407
1.33414 0.00000 1.33414 1.33414
0.73973 0.00000 0.73973 0.73973
2.18204 0.00000 2.18204 2.18204
