# avg	std	min	max
4.16315 0.00000 4.16315 4.16315
3.22254 0.00000 3.22254 3.22254
3.31431 0.00000 3.31431 3.31431
1.27619 0.00000 1.27619 1.27619
2.64129 0.00000 2.64129 2.64129
1.21306 0.00000 1.21306 1.21306
-0.00905 0.00000 -0.00905 -0.00905
6.69314 0.00000 6.69314 6.69314
5.19477 0.00000 5.19477 5.19477
4.40071 0.00000 4.40071 4.40071
3.26194 0.00000 3.26194 3.26194
3.18782 0.00000 3.18782 3.18782
-0.31575 0.00000 -0.31575 -0.31575
3.21537 0.00000 3.21537 3.21537
3.76204 0.00000 3.76204 3.76204
6.68799 0.00000 6.68799 6.68799
6.29462 0.00000 6.29462 6.29462
1.63711 0.00000 1.63711 1.63711
4.22534 0.00000 4.22534 4.22534
2.95897 0.00000 2.95897 2.95897
