# avg	std	min	max
7.09396 0.00000 7.09396 7.09396
5.62461 0.00000 5.62461 5.62461
4.06901 0.00000 4.06901 4.06901
2.17533 0.00000 2.17533 2.17533
3.12428 0.00000 3.12428 3.12428
1.68070 0.00000 1.68070 1.68070
-0.01178 0.00000 -0.01178 -0.01178
3.27079 0.00000 3.27079 3.27079
6.09010 0.00000 6.09010 6.09010
6.70896 0.00000 6.70896 6.70896
5.25722 0.00000 5.25722 5.25722
5.04142 0.00000 5.04142 5.04142
1.93605 0.00000 1.93605 1.93605
4.96233 0.00000 4.96233 4.96233
4.76916 0.00000 4.76916 4.76916
7.22526 0.00000 7.22526 7.22526
7.06176 0.00000 7.06176 7.06176
5.40537 0.00000 5.40537 5.40537
5.37962 0.00000 5.37962 5.37962
4.00655 0.00000 4.00655 4.00655
