# avg	std	min	max
4.43707 0.00000 4.43707 4.43707
3.67609 0.00000 3.67609 3.67609
5.24680 0.00000 5.24680 5.24680
2.02099 0.00000 2.02099 2.02099
6.06455 0.00000 6.06455 6.06455
1.00573 0.00000 1.00573 1.00573
-0.02867 0.00000 -0.02867 -0.02867
4.45595 0.00000 4.45595 4.45595
8.89239 0.00000 8.89239 8.89239
5.12383 0.00000 5.12383 5.12383
5.16739 0.00000 5.16739 5.16739
4.17888 0.00000 4.17888 4.17888
0.97853 0.00000 0.97853 0.97853
4.45306 0.00000 4.45306 4.45306
4.62458 0.00000 4.62458 4.62458
5.12496 0.00000 5.12496 5.12496
5.81406 0.00000 5.81406 5.81406
4.98217 0.00000 4.98217 4.98217
6.05652 0.00000 6.05652 6.05652
3.68357 0.00000 3.68357 3.68357
