# avg	std	min	max
3.38522 0.00000 3.38522 3.38522
2.37318 0.00000 2.37318 2.37318
2.19432 0.00000 2.19432 2.19432
0.78147 0.00000 0.78147 0.78147
2.72433 0.00000 2.72433 2.72433
0.03503 0.00000 0.03503 0.03503
-0.02470 0.00000 -0.02470 -0.02470
-0.11151 0.00000 -0.11151 -0.11151
3.91337 0.00000 3.91337 3.91337
1.85917 0.00000 1.85917 1.85917
1.91191 0.00000 1.91191 1.91191
2.42627 0.00000 2.42627 2.42627
0.98533 0.00000 0.98533 0.98533
1.97092 0.00000 1.97092 1.97092
2.44809 0.00000 2.44809 2.44809
2.98527 0.00000 2.98527 2.98527
2.51731 0.00000 2.51731 2.51731
1.77630 0.00000 1.77630 1.77630
1.57474 0.00000 1.57474 1.57474
1.78917 0.00000 1.78917 1.78917
