# avg	std	min	max
4.26159 0.00000 4.26159 4.26159
3.43512 0.00000 3.43512 3.43512
3.31460 0.00000 3.31460 3.31460
1.87614 0.00000 1.87614 1.87614
2.74275 0.00000 2.74275 2.74275
0.82453 0.00000 0.82453 0.82453
-0.00978 0.00000 -0.00978 -0.00978
0.81897 0.00000 0.81897 0.81897
2.48645 0.00000 2.48645 2.48645
4.12118 0.00000 4.12118 4.12118
3.82559 0.00000 3.82559 3.82559
3.83281 0.00000 3.83281 3.83281
1.68223 0.00000 1.68223 1.68223
3.45827 0.00000 3.45827 3.45827
3.48107 0.00000 3.48107 3.48107
3.69867 0.00000 3.69867 3.69867
2.90340 0.00000 2.90340 2.90340
2.50224 0.00000 2.50224 2.50224
2.65753 0.00000 2.65753 2.65753
3.13842 0.00000 3.13842 3.13842
