# avg	std	min	max
-0.00000 0.00000 -0.00000 -0.00000
3.01468 0.00000 3.01468 3.01468
4.59685 0.00000 4.59685 4.59685
2.78290 0.00000 2.78290 2.78290
4.26364 0.00000 4.26364 4.26364
2.49788 0.00000 2.49788 2.49788
3.39182 0.00000 3.39182 3.39182
3.50013 0.00000 3.50013 3.50013
7.09683 0.00000 7.09683 7.09683
2.98546 0.00000 2.98546 2.98546
4.16772 0.00000 4.16772 4.16772
3.23481 0.00000 3.23481 3.23481
3.40085 0.00000 3.40085 3.40085
2.18855 0.00000 2.18855 2.18855
2.50571 0.00000 2.50571 2.50571
3.29299 0.00000 3.29299 3.29299
3.02881 0.00000 3.02881 3.02881
2.80759 0.00000 2.80759 2.80759
1.39807 0.00000 1.39807 1.39807
2.61166 0.00000 2.61166 2.61166
