# avg	std	min	max
0.00000 0.00000 0.00000 0.00000
1.14089 0.00000 1.14089 1.14089
4.22386 0.00000 4.22386 4.22386
1.49508 0.00000 1.49508 1.49508
5.10654 0.00000 5.10654 5.10654
1.19241 0.00000 1.19241 1.19241
0.75228 0.00000 0.75228 0.75228
1.91147 0.00000 1.91147 1.91147
9.53842 0.00000 9.53842 9.53842
1.11235 0.00000 1.11235 1.11235
4.35432 0.00000 4.35432 4.35432
0.70292 0.00000 0.70292 0.70292
0.92141 0.00000 0.92141 0.92141
0.63042 0.00000 0.63042 0.63042
1.82898 0.00000 1.82898 1.82898
1.45081 0.00000 1.45081 1.45081
2.36605 0.00000 2.36605 2.36605
0.97612 0.00000 0.97612 0.97612
0.60125 0.00000 0.60125 0.60125
1.03958 0.00000 1.03958 1.03958
