# avg	std	min	max
0.00000 0.00000 0.00000 0.00000
3.07990 0.00000 3.07990 3.07990
4.27067 0.00000 4.27067 4.27067
3.40972 0.00000 3.40972 3.40972
4.20443 0.00000 4.20443 4.20443
3.29328 0.00000 3.29328 3.29328
3.32935 0.00000 3.32935 3.32935
3.33091 0.00000 3.33091 3.33091
5.00259 0.00000 5.00259 5.00259
3.47129 0.00000 3.47129 3.47129
3.70832 0.00000 3.70832 3.70832
3.08110 0.00000 3.08110 3.08110
3.35191 0.00000 3.35191 3.35191
2.92565 0.00000 2.92565 2.92565
3.40616 0.00000 3.40616 3.40616
3.14310 0.00000 3.14310 3.14310
3.38796 0.00000 3.38796 3.38796
2.94773 0.00000 2.94773 2.94773
2.78508 0.00000 2.78508 2.78508
3.44932 0.00000 3.44932 3.44932
