# avg	std	min	max
-0.00000 0.00000 -0.00000 -0.00000
5.57172 0.00000 5.57172 5.57172
14.89050 0.00000 14.89050 14.89050
19.79048 0.00000 19.79048 19.79048
19.63164 0.00000 19.63164 19.63164
11.81706 0.00000 11.81706 11.81706
25.46826 0.00000 25.46826 25.46826
39.48324 0.00000 39.48324 39.48324
20.14544 0.00000 20.14544 20.14544
9.96854 0.00000 9.96854 9.96854
13.58644 0.00000 13.58644 13.58644
9.70185 0.00000 9.70185 9.70185
27.92494 0.00000 27.92494 27.92494
15.78698 0.00000 15.78698 15.78698
17.66820 0.00000 17.66820 17.66820
18.77342 0.00000 18.77342 18.77342
18.79890 0.00000 18.79890 18.79890
19.53630 0.00000 19.53630 19.53630
20.66094 0.00000 20.66094 20.66094
31.84940 0.00000 31.84940 31.84940
