# avg	std	min	max
0.00000 0.00000 0.00000 0.00000
2.30622 0.00000 2.30622 2.30622
3.39734 0.00000 3.39734 3.39734
2.33460 0.00000 2.33460 2.33460
4.89883 0.00000 4.89883 4.89883
2.39430 0.00000 2.39430 2.39430
2.22418 0.00000 2.22418 2.22418
2.40738 0.00000 2.40738 2.40738
5.48719 0.00000 5.48719 5.48719
2.26182 0.00000 2.26182 2.26182
3.15436 0.00000 3.15436 3.15436
2.29253 0.00000 2.29253 2.29253
2.25001 0.00000 2.25001 2.25001
1.84691 0.00000 1.84691 1.84691
2.24291 0.00000 2.24291 2.24291
2.52065 0.00000 2.52065 2.52065
2.57360 0.00000 2.57360 2.57360
1.81380 0.00000 1.81380 1.81380
1.58194 0.00000 1.58194 1.58194
2.33608 0.00000 2.33608 2.33608
