# avg	std	min	max
-0.00000 0.00000 -0.00000 -0.00000
2.40430 0.00000 2.40430 2.40430
4.89616 0.00000 4.89616 4.89616
3.32108 0.00000 3.32108 3.32108
4.74058 0.00000 4.74058 4.74058
1.86832 0.00000 1.86832 1.86832
1.85806 0.00000 1.85806 1.85806
4.16649 0.00000 4.16649 4.16649
5.37089 0.00000 5.37089 5.37089
2.01752 0.00000 2.01752 2.01752
3.97031 0.00000 3.97031 3.97031
2.32297 0.00000 2.32297 2.32297
3.15820 0.00000 3.15820 3.15820
4.47698 0.00000 4.47698 4.47698
3.79551 0.00000 3.79551 3.79551
2.80430 0.00000 2.80430 2.80430
3.79441 0.00000 3.79441 3.79441
3.29702 0.00000 3.29702 3.29702
5.00575 0.00000 5.00575 5.00575
3.39777 0.00000 3.39777 3.39777
