# avg	std	min	max
0.00000 0.00000 0.00000 0.00000
0.09335 0.00000 0.09335 0.09335
6.09387 0.00000 6.09387 6.09387
9.38000 0.00000 9.38000 9.38000
9.21382 0.00000 9.21382 9.21382
8.70423 0.00000 8.70423 8.70423
18.55882 0.00000 18.55882 18.55882
23.74914 0.00000 23.74914 23.74914
3.80476 0.00000 3.80476 3.80476
2.23276 0.00000 2.23276 2.23276
5.52105 0.00000 5.52105 5.52105
2.73348 0.00000 2.73348 2.73348
20.48638 0.00000 20.48638 20.48638
10.95756 0.00000 10.95756 10.95756
13.80900 0.00000 13.80900 13.80900
11.73440 0.00000 11.73440 11.73440
13.60106 0.00000 13.60106 13.60106
14.75170 0.00000 14.75170 14.75170
18.08176 0.00000 18.08176 18.08176
25.80280 0.00000 25.80280 25.80280
