# avg	std	min	max
-0.00000 0.00000 -0.00000 -0.00000
2.43826 0.00000 2.43826 2.43826
3.55211 0.00000 3.55211 3.55211
1.87700 0.00000 1.87700 1.87700
4.30144 0.00000 4.30144 4.30144
1.55607 0.00000 1.55607 1.55607
1.58120 0.00000 1.58120 1.58120
1.61550 0.00000 1.61550 1.61550
6.71912 0.00000 6.71912 6.71912
2.22531 0.00000 2.22531 2.22531
4.46689 0.00000 4.46689 4.46689
2.20232 0.00000 2.20232 2.20232
1.77370 0.00000 1.77370 1.77370
1.68201 0.00000 1.68201 1.68201
2.08344 0.00000 2.08344 2.08344
2.03523 0.00000 2.03523 2.03523
2.21647 0.00000 2.21647 2.21647
1.64545 0.00000 1.64545 1.64545
1.81054 0.00000 1.81054 1.81054
2.22552 0.00000 2.22552 2.22552
