# avg	std	min	max
0.00000 0.00000 0.00000 0.00000
5.82985 0.00000 5.82985 5.82985
10.93728 0.00000 10.93728 10.93728
6.07286 0.00000 6.07286 6.07286
12.08112 0.00000 12.08112 12.08112
5.38595 0.00000 5.38595 5.38595
5.59639 0.00000 5.59639 5.59639
7.66238 0.00000 7.66238 7.66238
22.10084 0.00000 22.10084 22.10084
6.16051 0.00000 6.16051 6.16051
10.24035 0.00000 10.24035 10.24035
5.88462 0.00000 5.88462 5.88462
6.16819 0.00000 6.16819 6.16819
5.93519 0.00000 5.93519 5.93519
6.52048 0.00000 6.52048 6.52048
5.53486 0.00000 5.53486 5.53486
5.98649 0.00000 5.98649 5.98649
6.08537 0.00000 6.08537 6.08537
6.64379 0.00000 6.64379 6.64379
5.95759 0.00000 5.95759 5.95759
