# avg	std	min	max
0.00000 0.00000 0.00000 0.00000
6.86270 0.00000 6.86270 6.86270
13.69026 0.00000 13.69026 13.69026
17.76592 0.00000 17.76592 17.76592
17.09894 0.00000 17.09894 17.09894
16.18326 0.00000 16.18326 16.18326
20.26808 0.00000 20.26808 20.26808
24.27354 0.00000 24.27354 24.27354
12.22836 0.00000 12.22836 12.22836
7.72637 0.00000 7.72637 7.72637
13.38112 0.00000 13.38112 13.38112
9.84916 0.00000 9.84916 9.84916
19.79784 0.00000 19.79784 19.79784
12.95808 0.00000 12.95808 12.95808
19.61124 0.00000 19.61124 19.61124
13.24608 0.00000 13.24608 13.24608
18.61512 0.00000 18.61512 18.61512
18.84184 0.00000 18.84184 18.84184
19.47848 0.00000 19.47848 19.47848
21.69852 0.00000 21.69852 21.69852
