# avg	std	min	max
0.00000 0.00000 0.00000 0.00000
1.05144 0.00000 1.05144 1.05144
4.31368 0.00000 4.31368 4.31368
5.24982 0.00000 5.24982 5.24982
6.10936 0.00000 6.10936 6.10936
3.88714 0.00000 3.88714 3.88714
6.29090 0.00000 6.29090 6.29090
6.17448 0.00000 6.17448 6.17448
6.41845 0.00000 6.41845 6.41845
1.66589 0.00000 1.66589 1.66589
4.92964 0.00000 4.92964 4.92964
1.48777 0.00000 1.48777 1.48777
6.04284 0.00000 6.04284 6.04284
4.36962 0.00000 4.36962 4.36962
3.63045 0.00000 3.63045 3.63045
5.68655 0.00000 5.68655 5.68655
5.78330 0.00000 5.78330 5.78330
3.22214 0.00000 3.22214 3.22214
4.54064 0.00000 4.54064 4.54064
8.92303 0.00000 8.92303 8.92303
