# avg	std	min	max
0.00000 0.00000 0.00000 0.00000
2.97598 0.00000 2.97598 2.97598
5.79749 0.00000 5.79749 5.79749
5.59723 0.00000 5.59723 5.59723
6.80836 0.00000 6.80836 6.80836
4.79666 0.00000 4.79666 4.79666
7.32669 0.00000 7.32669 7.32669
7.34525 0.00000 7.34525 7.34525
6.35125 0.00000 6.35125 6.35125
3.85427 0.00000 3.85427 3.85427
6.77017 0.00000 6.77017 6.77017
3.83094 0.00000 3.83094 3.83094
6.75237 0.00000 6.75237 6.75237
6.02698 0.00000 6.02698 6.02698
5.78833 0.00000 5.78833 5.78833
8.36139 0.00000 8.36139 8.36139
7.14728 0.00000 7.14728 7.14728
5.51704 0.00000 5.51704 5.51704
6.25835 0.00000 6.25835 6.25835
8.28193 0.00000 8.28193 8.28193
