# avg	std	min	max
0.00000 0.00000 0.00000 0.00000
2.53745 0.00000 2.53745 2.53745
4.92382 0.00000 4.92382 4.92382
3.81061 0.00000 3.81061 3.81061
4.54321 0.00000 4.54321 4.54321
3.58706 0.00000 3.58706 3.58706
3.76334 0.00000 3.76334 3.76334
3.39779 0.00000 3.39779 3.39779
5.29385 0.00000 5.29385 5.29385
3.45497 0.00000 3.45497 3.45497
3.58555 0.00000 3.58555 3.58555
2.49602 0.00000 2.49602 2.49602
3.88391 0.00000 3.88391 3.88391
2.44806 0.00000 2.44806 2.44806
3.63498 0.00000 3.63498 3.63498
2.70769 0.00000 2.70769 2.70769
3.27699 0.00000 3.27699 3.27699
2.71471 0.00000 2.71471 2.71471
2.59157 0.00000 2.59157 2.59157
3.66458 0.00000 3.66458 3.66458
