# avg	std	min	max
0.00000 0.00000 0.00000 0.00000
3.23645 0.00000 3.23645 3.23645
4.78178 0.00000 4.78178 4.78178
3.31183 0.00000 3.31183 3.31183
4.62381 0.00000 4.62381 4.62381
3.25735 0.00000 3.25735 3.25735
3.38687 0.00000 3.38687 3.38687
3.45379 0.00000 3.45379 3.45379
6.70211 0.00000 6.70211 6.70211
3.33240 0.00000 3.33240 3.33240
4.76980 0.00000 4.76980 4.76980
3.34027 0.00000 3.34027 3.34027
3.41055 0.00000 3.41055 3.41055
2.98240 0.00000 2.98240 2.98240
2.82297 0.00000 2.82297 2.82297
3.80117 0.00000 3.80117 3.80117
3.54875 0.00000 3.54875 3.54875
2.53237 0.00000 2.53237 2.53237
2.37510 0.00000 2.37510 2.37510
2.66832 0.00000 2.66832 2.66832
