# avg	std	min	max
-0.00000 0.00000 -0.00000 -0.00000
3.27403 0.00000 3.27403 3.27403
4.95324 0.00000 4.95324 4.95324
3.05673 0.00000 3.05673 3.05673
4.63347 0.00000 4.63347 4.63347
2.81357 0.00000 2.81357 2.81357
2.83256 0.00000 2.83256 2.83256
3.00219 0.00000 3.00219 3.00219
8.47665 0.00000 8.47665 8.47665
3.25072 0.00000 3.25072 3.25072
4.19857 0.00000 4.19857 4.19857
3.75601 0.00000 3.75601 3.75601
2.94658 0.00000 2.94658 2.94658
2.76355 0.00000 2.76355 2.76355
2.60515 0.00000 2.60515 2.60515
3.71673 0.00000 3.71673 3.71673
3.37623 0.00000 3.37623 3.37623
3.06226 0.00000 3.06226 3.06226
2.35335 0.00000 2.35335 2.35335
2.46499 0.00000 2.46499 2.46499
