# avg	std	min	max
-0.00000 0.00000 -0.00000 -0.00000
0.83375 0.00000 0.83375 0.83375
2.30155 0.00000 2.30155 2.30155
0.22230 0.00000 0.22230 0.22230
2.84752 0.00000 2.84752 2.84752
1.20151 0.00000 1.20151 1.20151
0.75390 0.00000 0.75390 0.75390
7.56473 0.00000 7.56473 7.56473
9.74052 0.00000 9.74052 9.74052
2.49388 0.00000 2.49388 2.49388
3.30192 0.00000 3.30192 3.30192
1.10831 0.00000 1.10831 1.10831
3.17196 0.00000 3.17196 3.17196
0.69166 0.00000 0.69166 0.69166
0.95359 0.00000 0.95359 0.95359
3.60984 0.00000 3.60984 3.60984
4.79195 0.00000 4.79195 4.79195
1.35558 0.00000 1.35558 1.35558
1.17139 0.00000 1.17139 1.17139
0.80983 0.00000 0.80983 0.80983
