# avg	std	min	max
0.00000 0.00000 0.00000 0.00000
0.07479 0.00000 0.07479 0.07479
1.49589 0.00000 1.49589 1.49589
0.39342 0.00000 0.39342 0.39342
1.45821 0.00000 1.45821 1.45821
0.48505 0.00000 0.48505 0.48505
0.59334 0.00000 0.59334 0.59334
0.83992 0.00000 0.83992 0.83992
-0.84546 0.00000 -0.84546 -0.84546
0.05637 0.00000 0.05637 0.05637
1.23867 0.00000 1.23867 1.23867
0.63925 0.00000 0.63925 0.63925
0.49960 0.00000 0.49960 0.49960
0.35735 0.00000 0.35735 0.35735
0.29789 0.00000 0.29789 0.29789
0.42748 0.00000 0.42748 0.42748
0.41816 0.00000 0.41816 0.41816
0.16777 0.00000 0.16777 0.16777
0.02825 0.00000 0.02825 0.02825
0.78795 0.00000 0.78795 0.78795
