# avg	std	min	max
0.00000 0.00000 0.00000 0.00000
2.17245 0.00000 2.17245 2.17245
2.84654 0.00000 2.84654 2.84654
1.99315 0.00000 1.99315 1.99315
4.12738 0.00000 4.12738 4.12738
2.03439 0.00000 2.03439 2.03439
1.85367 0.00000 1.85367 1.85367
2.07279 0.00000 2.07279 2.07279
6.51463 0.00000 6.51463 6.51463
1.85057 0.00000 1.85057 1.85057
2.13095 0.00000 2.13095 2.13095
2.02982 0.00000 2.02982 2.02982
1.91947 0.00000 1.91947 1.91947
1.47708 0.00000 1.47708 1.47708
1.33707 0.00000 1.33707 1.33707
2.12900 0.00000 2.12900 2.12900
2.13015 0.00000 2.13015 2.13015
0.45775 0.00000 0.45775 0.45775
0.65671 0.00000 0.65671 0.65671
1.36805 0.00000 1.36805 1.36805
