# avg	std	min	max
-0.00000 0.00000 -0.00000 -0.00000
0.00897 0.00000 0.00897 0.00897
1.06238 0.00000 1.06238 1.06238
0.11306 0.00000 0.11306 0.11306
0.94079 0.00000 0.94079 0.94079
-0.07378 0.00000 -0.07378 -0.07378
0.02514 0.00000 0.02514 0.02514
-0.02542 0.00000 -0.02542 -0.02542
-0.52120 0.00000 -0.52120 -0.52120
0.11349 0.00000 0.11349 0.11349
0.65470 0.00000 0.65470 0.65470
0.03246 0.00000 0.03246 0.03246
0.13395 0.00000 0.13395 0.13395
0.02481 0.00000 0.02481 0.02481
0.14254 0.00000 0.14254 0.14254
0.23838 0.00000 0.23838 0.23838
0.45119 0.00000 0.45119 0.45119
-0.08212 0.00000 -0.08212 -0.08212
-0.28936 0.00000 -0.28936 -0.28936
0.33908 0.00000 0.33908 0.33908
