# avg	std	min	max
0.00000 0.00000 0.00000 0.00000
3.31786 0.00000 3.31786 3.31786
3.44413 0.00000 3.44413 3.44413
3.16181 0.00000 3.16181 3.16181
3.33816 0.00000 3.33816 3.33816
2.93410 0.00000 2.93410 2.93410
2.15058 0.00000 2.15058 2.15058
2.74677 0.00000 2.74677 2.74677
5.05009 0.00000 5.05009 5.05009
1.02739 0.00000 1.02739 1.02739
2.62810 0.00000 2.62810 2.62810
2.85845 0.00000 2.85845 2.85845
2.58437 0.00000 2.58437 2.58437
2.99566 0.00000 2.99566 2.99566
2.55719 0.00000 2.55719 2.55719
2.48388 0.00000 2.48388 2.48388
2.75150 0.00000 2.75150 2.75150
1.61248 0.00000 1.61248 1.61248
2.92032 0.00000 2.92032 2.92032
2.65297 0.00000 2.65297 2.65297
