# avg	std	min	max
-0.00000 0.00000 -0.00000 -0.00000
1.99648 0.00000 1.99648 1.99648
3.31277 0.00000 3.31277 3.31277
2.19736 0.00000 2.19736 2.19736
4.35444 0.00000 4.35444 4.35444
2.06940 0.00000 2.06940 2.06940
2.00750 0.00000 2.00750 2.00750
1.89113 0.00000 1.89113 1.89113
6.24551 0.00000 6.24551 6.24551
2.02537 0.00000 2.02537 2.02537
2.71776 0.00000 2.71776 2.71776
1.90919 0.00000 1.90919 1.90919
2.05025 0.00000 2.05025 2.05025
1.43076 0.00000 1.43076 1.43076
1.51034 0.00000 1.51034 1.51034
2.21395 0.00000 2.21395 2.21395
2.24165 0.00000 2.24165 2.24165
0.27297 0.00000 0.27297 0.27297
-2.42389 0.00000 -2.42389 -2.42389
0.98206 0.00000 0.98206 0.98206
