# avg	std	min	max
-0.00000 0.00000 -0.00000 -0.00000
-0.64533 0.00000 -0.64533 -0.64533
0.77972 0.00000 0.77972 0.77972
3.14820 0.00000 3.14820 3.14820
2.15057 0.00000 2.15057 2.15057
0.69093 0.00000 0.69093 0.69093
5.38576 0.00000 5.38576 5.38576
15.78236 0.00000 15.78236 15.78236
1.13965 0.00000 1.13965 1.13965
1.32575 0.00000 1.32575 1.32575
1.38365 0.00000 1.38365 1.38365
-0.33646 0.00000 -0.33646 -0.33646
9.72594 0.00000 9.72594 9.72594
0.43942 0.00000 0.43942 0.43942
4.95434 0.00000 4.95434 4.95434
-0.23308 0.00000 -0.23308 -0.23308
5.64669 0.00000 5.64669 5.64669
3.61599 0.00000 3.61599 3.61599
10.13935 0.00000 10.13935 10.13935
3.97851 0.00000 3.97851 3.97851
