# avg	std	min	max
-0.00000 0.00000 -0.00000 -0.00000
3.96510 0.00000 3.96510 3.96510
9.31683 0.00000 9.31683 9.31683
9.91867 0.00000 9.91867 9.91867
11.65118 0.00000 11.65118 11.65118
7.29381 0.00000 7.29381 7.29381
11.39348 0.00000 11.39348 11.39348
13.78094 0.00000 13.78094 13.78094
8.89159 0.00000 8.89159 8.89159
5.55414 0.00000 5.55414 5.55414
9.36729 0.00000 9.36729 9.36729
5.33919 0.00000 5.33919 5.33919
12.32502 0.00000 12.32502 12.32502
8.68558 0.00000 8.68558 8.68558
7.45074 0.00000 7.45074 7.45074
8.07929 0.00000 8.07929 8.07929
8.14766 0.00000 8.14766 8.14766
8.89634 0.00000 8.89634 8.89634
8.88580 0.00000 8.88580 8.88580
13.54486 0.00000 13.54486 13.54486
