# avg	std	min	max
0.00000 0.00000 0.00000 0.00000
7.65570 0.00000 7.65570 7.65570
17.00838 0.00000 17.00838 17.00838
20.66006 0.00000 20.66006 20.66006
22.10194 0.00000 22.10194 22.10194
19.62856 0.00000 19.62856 19.62856
31.45430 0.00000 31.45430 31.45430
40.02660 0.00000 40.02660 40.02660
15.83920 0.00000 15.83920 15.83920
12.50402 0.00000 12.50402 12.50402
17.61082 0.00000 17.61082 17.61082
12.79618 0.00000 12.79618 12.79618
33.51846 0.00000 33.51846 33.51846
19.33440 0.00000 19.33440 19.33440
22.21908 0.00000 22.21908 22.21908
21.37476 0.00000 21.37476 21.37476
25.56920 0.00000 25.56920 25.56920
26.62078 0.00000 26.62078 26.62078
30.54634 0.00000 30.54634 30.54634
41.57722 0.00000 41.57722 41.57722
