# avg	std	min	max
-0.00000 0.00000 -0.00000 -0.00000
6.84041 0.00000 6.84041 6.84041
17.19626 0.00000 17.19626 17.19626
22.79480 0.00000 22.79480 22.79480
21.69588 0.00000 21.69588 21.69588
14.91626 0.00000 14.91626 14.91626
27.49776 0.00000 27.49776 27.49776
32.79124 0.00000 32.79124 32.79124
18.20426 0.00000 18.20426 18.20426
12.14888 0.00000 12.14888 12.14888
18.46362 0.00000 18.46362 18.46362
11.93622 0.00000 11.93622 11.93622
29.06728 0.00000 29.06728 29.06728
19.04570 0.00000 19.04570 19.04570
21.99092 0.00000 21.99092 21.99092
20.58110 0.00000 20.58110 20.58110
22.26528 0.00000 22.26528 22.26528
15.55726 0.00000 15.55726 15.55726
17.24398 0.00000 17.24398 17.24398
26.36188 0.00000 26.36188 26.36188
