# avg	std	min	max
0.00000 0.00000 0.00000 0.00000
2.56017 0.00000 2.56017 2.56017
5.07710 0.00000 5.07710 5.07710
2.51303 0.00000 2.51303 2.51303
4.92813 0.00000 4.92813 4.92813
2.38983 0.00000 2.38983 2.38983
4.00097 0.00000 4.00097 4.00097
3.98058 0.00000 3.98058 3.98058
6.20405 0.00000 6.20405 6.20405
2.50138 0.00000 2.50138 2.50138
3.63515 0.00000 3.63515 3.63515
2.60352 0.00000 2.60352 2.60352
3.99920 0.00000 3.99920 3.99920
2.25220 0.00000 2.25220 2.25220
2.20482 0.00000 2.20482 2.20482
2.99601 0.00000 2.99601 2.99601
2.75481 0.00000 2.75481 2.75481
1.72297 0.00000 1.72297 1.72297
1.51968 0.00000 1.51968 1.51968
2.14509 0.00000 2.14509 2.14509
