# avg	std	min	max
0.00000 0.00000 0.00000 0.00000
2.37145 0.00000 2.37145 2.37145
5.16502 0.00000 5.16502 5.16502
4.02552 0.00000 4.02552 4.02552
4.98286 0.00000 4.98286 4.98286
3.59047 0.00000 3.59047 3.59047
3.27379 0.00000 3.27379 3.27379
3.84126 0.00000 3.84126 3.84126
7.35674 0.00000 7.35674 7.35674
3.91858 0.00000 3.91858 3.91858
4.72741 0.00000 4.72741 4.72741
3.84813 0.00000 3.84813 3.84813
3.51267 0.00000 3.51267 3.51267
3.44923 0.00000 3.44923 3.44923
3.44125 0.00000 3.44125 3.44125
3.08900 0.00000 3.08900 3.08900
3.49771 0.00000 3.49771 3.49771
3.81066 0.00000 3.81066 3.81066
3.51529 0.00000 3.51529 3.51529
3.53521 0.00000 3.53521 3.53521
