# avg	std	min	max
0.00000 0.00000 0.00000 0.00000
3.33864 0.00000 3.33864 3.33864
6.13598 0.00000 6.13598 6.13598
4.00702 0.00000 4.00702 4.00702
6.13426 0.00000 6.13426 6.13426
3.60453 0.00000 3.60453 3.60453
3.55217 0.00000 3.55217 3.55217
5.03886 0.00000 5.03886 5.03886
13.48210 0.00000 13.48210 13.48210
3.02180 0.00000 3.02180 3.02180
6.15119 0.00000 6.15119 6.15119
3.59134 0.00000 3.59134 3.59134
3.44668 0.00000 3.44668 3.44668
3.27384 0.00000 3.27384 3.27384
4.06892 0.00000 4.06892 4.06892
2.96826 0.00000 2.96826 2.96826
4.33763 0.00000 4.33763 4.33763
3.54028 0.00000 3.54028 3.54028
3.18638 0.00000 3.18638 3.18638
3.70640 0.00000 3.70640 3.70640
