# avg	std	min	max
0.00000 0.00000 0.00000 0.00000
-0.49210 0.00000 -0.49210 -0.49210
0.92612 0.00000 0.92612 0.92612
0.10997 0.00000 0.10997 0.10997
0.96505 0.00000 0.96505 0.96505
0.23458 0.00000 0.23458 0.23458
0.72998 0.00000 0.72998 0.72998
0.61002 0.00000 0.61002 0.61002
0.08221 0.00000 0.08221 0.08221
-0.07370 0.00000 -0.07370 -0.07370
0.73848 0.00000 0.73848 0.73848
0.31733 0.00000 0.31733 0.31733
0.44499 0.00000 0.44499 0.44499
0.16139 0.00000 0.16139 0.16139
0.11186 0.00000 0.11186 0.11186
0.22013 0.00000 0.22013 0.22013
-0.08135 0.00000 -0.08135 -0.08135
-0.09880 0.00000 -0.09880 -0.09880
0.03941 0.00000 0.03941 0.03941
0.77352 0.00000 0.77352 0.77352
