# avg	std	min	max
-0.00000 0.00000 -0.00000 -0.00000
-0.32550 0.00000 -0.32550 -0.32550
5.41393 0.00000 5.41393 5.41393
8.13320 0.00000 8.13320 8.13320
7.07994 0.00000 7.07994 7.07994
4.48215 0.00000 4.48215 4.48215
37.28362 0.00000 37.28362 37.28362
40.15844 0.00000 40.15844 40.15844
-1.11728 0.00000 -1.11728 -1.11728
1.50843 0.00000 1.50843 1.50843
3.28740 0.00000 3.28740 3.28740
2.49876 0.00000 2.49876 2.49876
33.65848 0.00000 33.65848 33.65848
7.82668 0.00000 7.82668 7.82668
9.35774 0.00000 9.35774 9.35774
9.85088 0.00000 9.85088 9.85088
6.43920 0.00000 6.43920 6.43920
9.44186 0.00000 9.44186 9.44186
11.98072 0.00000 11.98072 11.98072
26.19100 0.00000 26.19100 26.19100
