# avg	std	min	max
0.00000 0.00000 0.00000 0.00000
1.94384 0.00000 1.94384 1.94384
5.73600 0.00000 5.73600 5.73600
2.63202 0.00000 2.63202 2.63202
5.38336 0.00000 5.38336 5.38336
2.44280 0.00000 2.44280 2.44280
2.61991 0.00000 2.61991 2.61991
2.79830 0.00000 2.79830 2.79830
5.35392 0.00000 5.35392 5.35392
3.68310 0.00000 3.68310 3.68310
5.67053 0.00000 5.67053 5.67053
3.03843 0.00000 3.03843 3.03843
2.66828 0.00000 2.66828 2.66828
3.39239 0.00000 3.39239 3.39239
3.11191 0.00000 3.11191 3.11191
3.68946 0.00000 3.68946 3.68946
3.04312 0.00000 3.04312 3.04312
2.82979 0.00000 2.82979 2.82979
2.82360 0.00000 2.82360 2.82360
3.33577 0.00000 3.33577 3.33577
