# avg	std	min	max
0.00000 0.00000 0.00000 0.00000
2.80450 0.00000 2.80450 2.80450
13.28522 0.00000 13.28522 13.28522
15.94366 0.00000 15.94366 15.94366
15.89354 0.00000 15.89354 15.89354
13.94712 0.00000 13.94712 13.94712
26.17520 0.00000 26.17520 26.17520
48.15032 0.00000 48.15032 48.15032
10.48496 0.00000 10.48496 10.48496
6.80952 0.00000 6.80952 6.80952
12.49730 0.00000 12.49730 12.49730
7.73247 0.00000 7.73247 7.73247
33.03322 0.00000 33.03322 33.03322
13.13262 0.00000 13.13262 13.13262
14.37972 0.00000 14.37972 14.37972
15.64270 0.00000 15.64270 15.64270
13.40286 0.00000 13.40286 13.40286
16.19136 0.00000 16.19136 16.19136
26.79792 0.00000 26.79792 26.79792
35.29980 0.00000 35.29980 35.29980
