# avg	std	min	max
0.00000 0.00000 0.00000 0.00000
2.98673 0.00000 2.98673 2.98673
4.50096 0.00000 4.50096 4.50096
3.42479 0.00000 3.42479 3.42479
4.39408 0.00000 4.39408 4.39408
3.03780 0.00000 3.03780 3.03780
3.29882 0.00000 3.29882 3.29882
3.30182 0.00000 3.30182 3.30182
8.82237 0.00000 8.82237 8.82237
3.42808 0.00000 3.42808 3.42808
3.89058 0.00000 3.89058 3.89058
2.96134 0.00000 2.96134 2.96134
3.30620 0.00000 3.30620 3.30620
2.88716 0.00000 2.88716 2.88716
3.36004 0.00000 3.36004 3.36004
3.15991 0.00000 3.15991 3.15991
3.37593 0.00000 3.37593 3.37593
2.87667 0.00000 2.87667 2.87667
2.63945 0.00000 2.63945 2.63945
3.49418 0.00000 3.49418 3.49418
