# avg	std	min	max
-0.00000 0.00000 -0.00000 -0.00000
5.71577 0.00000 5.71577 5.71577
18.53014 0.00000 18.53014 18.53014
25.29324 0.00000 25.29324 25.29324
29.69796 0.00000 29.69796 29.69796
20.57926 0.00000 20.57926 20.57926
43.13356 0.00000 43.13356 43.13356
62.83508 0.00000 62.83508 62.83508
16.46704 0.00000 16.46704 16.46704
10.48246 0.00000 10.48246 10.48246
18.22214 0.00000 18.22214 18.22214
11.81812 0.00000 11.81812 11.81812
51.03116 0.00000 51.03116 51.03116
22.20520 0.00000 22.20520 22.20520
28.41048 0.00000 28.41048 28.41048
22.12620 0.00000 22.12620 22.12620
29.47864 0.00000 29.47864 29.47864
29.21232 0.00000 29.21232 29.21232
35.65490 0.00000 35.65490 35.65490
36.48848 0.00000 36.48848 36.48848
