# avg	std	min	max
-0.00000 0.00000 -0.00000 -0.00000
3.36352 0.00000 3.36352 3.36352
5.38742 0.00000 5.38742 5.38742
4.16344 0.00000 4.16344 4.16344
5.67148 0.00000 5.67148 5.67148
2.50813 0.00000 2.50813 2.50813
1.19166 0.00000 1.19166 1.19166
3.78702 0.00000 3.78702 3.78702
7.64215 0.00000 7.64215 7.64215
4.69539 0.00000 4.69539 4.69539
6.90728 0.00000 6.90728 6.90728
3.54836 0.00000 3.54836 3.54836
2.79332 0.00000 2.79332 2.79332
4.65786 0.00000 4.65786 4.65786
4.04014 0.00000 4.04014 4.04014
5.87208 0.00000 5.87208 5.87208
4.77202 0.00000 4.77202 4.77202
3.31677 0.00000 3.31677 3.31677
3.75647 0.00000 3.75647 3.75647
3.73058 0.00000 3.73058 3.73058
