# avg	std	min	max
-0.00000 0.00000 -0.00000 -0.00000
3.43515 0.00000 3.43515 3.43515
4.46201 0.00000 4.46201 4.46201
3.57973 0.00000 3.57973 3.57973
4.94736 0.00000 4.94736 4.94736
3.37362 0.00000 3.37362 3.37362
2.55551 0.00000 2.55551 2.55551
4.62009 0.00000 4.62009 4.62009
6.73238 0.00000 6.73238 6.73238
4.28549 0.00000 4.28549 4.28549
4.22986 0.00000 4.22986 4.22986
3.72801 0.00000 3.72801 3.72801
1.05907 0.00000 1.05907 1.05907
3.92214 0.00000 3.92214 3.92214
4.64936 0.00000 4.64936 4.64936
3.84440 0.00000 3.84440 3.84440
6.11435 0.00000 6.11435 6.11435
3.65131 0.00000 3.65131 3.65131
3.07349 0.00000 3.07349 3.07349
2.76849 0.00000 2.76849 2.76849
