# avg	std	min	max
0.00000 0.00000 0.00000 0.00000
3.76853 0.00000 3.76853 3.76853
5.06470 0.00000 5.06470 5.06470
3.28779 0.00000 3.28779 3.28779
4.23665 0.00000 4.23665 4.23665
2.89978 0.00000 2.89978 2.89978
2.89954 0.00000 2.89954 2.89954
3.41269 0.00000 3.41269 3.41269
6.18636 0.00000 6.18636 6.18636
4.12659 0.00000 4.12659 4.12659
5.26416 0.00000 5.26416 5.26416
3.81649 0.00000 3.81649 3.81649
2.99290 0.00000 2.99290 2.99290
3.92105 0.00000 3.92105 3.92105
3.71839 0.00000 3.71839 3.71839
4.68835 0.00000 4.68835 4.68835
4.01724 0.00000 4.01724 4.01724
3.15712 0.00000 3.15712 3.15712
3.21712 0.00000 3.21712 3.21712
3.90434 0.00000 3.90434 3.90434
