# avg	std	min	max
2.98172 0.00000 2.98172 2.98172
2.02086 0.00000 2.02086 2.02086
1.98963 0.00000 1.98963 1.98963
0.64637 0.00000 0.64637 0.64637
1.80535 0.00000 1.80535 1.80535
0.45283 0.00000 0.45283 0.45283
0.63357 0.00000 0.63357 0.63357
1.72941 0.00000 1.72941 1.72941
0.49113 0.00000 0.49113 0.49113
2.04636 0.00000 2.04636 2.04636
2.00456 0.00000 2.00456 2.00456
2.03692 0.00000 2.03692 2.03692
1.32260 0.00000 1.32260 1.32260
1.31802 0.00000 1.31802 1.31802
2.38051 0.00000 2.38051 2.38051
-1.74218 0.00000 -1.74218 -1.74218
1.48007 0.00000 1.48007 1.48007
1.69981 0.00000 1.69981 1.69981
2.55424 0.00000 2.55424 2.55424
-0.06468 0.00000 -0.06468 -0.06468
