# avg	std	min	max
-0.96758 0.00000 -0.96758 -0.96758
0.93110 0.00000 0.93110 0.93110
3.44912 0.00000 3.44912 3.44912
-0.14702 0.00000 -0.14702 -0.14702
5.00991 0.00000 5.00991 5.00991
-0.22155 0.00000 -0.22155 -0.22155
0.16291 0.00000 0.16291 0.16291
2.26451 0.00000 2.26451 2.26451
11.30208 0.00000 11.30208 11.30208
1.40067 0.00000 1.40067 1.40067
2.37147 0.00000 2.37147 2.37147
0.42684 0.00000 0.42684 0.42684
0.03884 0.00000 0.03884 0.03884
0.54104 0.00000 0.54104 0.54104
0.37829 0.00000 0.37829 0.37829
1.24997 0.00000 1.24997 1.24997
1.06697 0.00000 1.06697 1.06697
0.75352 0.00000 0.75352 0.75352
-0.03881 0.00000 -0.03881 -0.03881
0.16173 0.00000 0.16173 0.16173
