# avg	std	min	max
1.52301 0.00000 1.52301 1.52301
0.25095 0.00000 0.25095 0.25095
0.00381 0.00000 0.00381 0.00381
0.03482 0.00000 0.03482 0.03482
-0.08996 0.00000 -0.08996 -0.08996
-0.21499 0.00000 -0.21499 -0.21499
-0.69220 0.00000 -0.69220 -0.69220
-0.35849 0.00000 -0.35849 -0.35849
2.20804 0.00000 2.20804 2.20804
0.37493 0.00000 0.37493 0.37493
0.44315 0.00000 0.44315 0.44315
0.33048 0.00000 0.33048 0.33048
-0.59335 0.00000 -0.59335 -0.59335
-0.02991 0.00000 -0.02991 -0.02991
-0.08501 0.00000 -0.08501 -0.08501
0.51538 0.00000 0.51538 0.51538
0.20991 0.00000 0.20991 0.20991
0.02352 0.00000 0.02352 0.02352
-0.42333 0.00000 -0.42333 -0.42333
-0.00339 0.00000 -0.00339 -0.00339
