# avg	std	min	max
5.35130 0.00000 5.35130 5.35130
3.49009 0.00000 3.49009 3.49009
2.36810 0.00000 2.36810 2.36810
0.05737 0.00000 0.05737 0.05737
3.01233 0.00000 3.01233 3.01233
0.18483 0.00000 0.18483 0.18483
1.94804 0.00000 1.94804 1.94804
7.53499 0.00000 7.53499 7.53499
10.47016 0.00000 10.47016 10.47016
3.23205 0.00000 3.23205 3.23205
4.13792 0.00000 4.13792 4.13792
2.64718 0.00000 2.64718 2.64718
5.97254 0.00000 5.97254 5.97254
1.75186 0.00000 1.75186 1.75186
4.31623 0.00000 4.31623 4.31623
4.37577 0.00000 4.37577 4.37577
5.93860 0.00000 5.93860 5.93860
2.83613 0.00000 2.83613 2.83613
4.50080 0.00000 4.50080 4.50080
-0.07689 0.00000 -0.07689 -0.07689
