# avg	std	min	max
0.25606 0.00000 0.25606 0.25606
-0.20533 0.00000 -0.20533 -0.20533
-0.45696 0.00000 -0.45696 -0.45696
-1.39423 0.00000 -1.39423 -1.39423
-0.40459 0.00000 -0.40459 -0.40459
-1.67009 0.00000 -1.67009 -1.67009
-0.45469 0.00000 -0.45469 -0.45469
-0.42253 0.00000 -0.42253 -0.42253
0.13531 0.00000 0.13531 0.13531
-0.34668 0.00000 -0.34668 -0.34668
-0.43389 0.00000 -0.43389 -0.43389
-1.14054 0.00000 -1.14054 -1.14054
-0.47138 0.00000 -0.47138 -0.47138
0.01469 0.00000 0.01469 0.01469
-0.68628 0.00000 -0.68628 -0.68628
0.26406 0.00000 0.26406 0.26406
-1.05660 0.00000 -1.05660 -1.05660
-0.93989 0.00000 -0.93989 -0.93989
-0.61595 0.00000 -0.61595 -0.61595
0.01818 0.00000 0.01818 0.01818
