# avg	std	min	max
2.11077 0.00000 2.11077 2.11077
1.27800 0.00000 1.27800 1.27800
2.65374 0.00000 2.65374 2.65374
0.69677 0.00000 0.69677 0.69677
1.47363 0.00000 1.47363 1.47363
0.41311 0.00000 0.41311 0.41311
-0.09748 0.00000 -0.09748 -0.09748
-0.78751 0.00000 -0.78751 -0.78751
-0.89220 0.00000 -0.89220 -0.89220
0.90983 0.00000 0.90983 0.90983
1.18910 0.00000 1.18910 1.18910
1.39449 0.00000 1.39449 1.39449
0.36375 0.00000 0.36375 0.36375
0.66579 0.00000 0.66579 0.66579
0.77644 0.00000 0.77644 0.77644
1.20630 0.00000 1.20630 1.20630
1.81100 0.00000 1.81100 1.81100
0.78063 0.00000 0.78063 0.78063
1.10645 0.00000 1.10645 1.10645
-0.00778 0.00000 -0.00778 -0.00778
