# avg	std	min	max
1.52712 0.00000 1.52712 1.52712
-0.09955 0.00000 -0.09955 -0.09955
-0.41656 0.00000 -0.41656 -0.41656
-1.06998 0.00000 -1.06998 -1.06998
-0.85116 0.00000 -0.85116 -0.85116
-1.57983 0.00000 -1.57983 -1.57983
-2.65284 0.00000 -2.65284 -2.65284
-1.25780 0.00000 -1.25780 -1.25780
-1.91801 0.00000 -1.91801 -1.91801
1.34498 0.00000 1.34498 1.34498
1.61624 0.00000 1.61624 1.61624
0.28815 0.00000 0.28815 0.28815
-3.34741 0.00000 -3.34741 -3.34741
0.98993 0.00000 0.98993 0.98993
0.09455 0.00000 0.09455 0.09455
1.18054 0.00000 1.18054 1.18054
0.11556 0.00000 0.11556 0.11556
-1.20321 0.00000 -1.20321 -1.20321
0.07509 0.00000 0.07509 0.07509
-0.09217 0.00000 -0.09217 -0.09217
