# avg	std	min	max
1.18750 0.00000 1.18750 1.18750
1.20578 0.00000 1.20578 1.20578
1.27662 0.00000 1.27662 1.27662
-0.49034 0.00000 -0.49034 -0.49034
0.52497 0.00000 0.52497 0.52497
-0.44041 0.00000 -0.44041 -0.44041
-0.83821 0.00000 -0.83821 -0.83821
0.26186 0.00000 0.26186 0.26186
3.51935 0.00000 3.51935 3.51935
1.49143 0.00000 1.49143 1.49143
1.13880 0.00000 1.13880 1.13880
0.88928 0.00000 0.88928 0.88928
-0.63543 0.00000 -0.63543 -0.63543
-0.11478 0.00000 -0.11478 -0.11478
0.30912 0.00000 0.30912 0.30912
2.12217 0.00000 2.12217 2.12217
1.76017 0.00000 1.76017 1.76017
-0.59742 0.00000 -0.59742 -0.59742
-0.81429 0.00000 -0.81429 -0.81429
0.02439 0.00000 0.02439 0.02439
