# avg	std	min	max
4.23683 0.00000 4.23683 4.23683
2.38172 0.00000 2.38172 2.38172
2.78933 0.00000 2.78933 2.78933
2.74129 0.00000 2.74129 2.74129
6.38497 0.00000 6.38497 6.38497
1.11223 0.00000 1.11223 1.11223
1.58201 0.00000 1.58201 1.58201
5.17333 0.00000 5.17333 5.17333
3.16836 0.00000 3.16836 3.16836
2.97886 0.00000 2.97886 2.97886
2.28876 0.00000 2.28876 2.28876
3.24197 0.00000 3.24197 3.24197
1.41341 0.00000 1.41341 1.41341
2.53841 0.00000 2.53841 2.53841
2.04807 0.00000 2.04807 2.04807
2.86366 0.00000 2.86366 2.86366
3.01589 0.00000 3.01589 3.01589
1.71825 0.00000 1.71825 1.71825
2.76532 0.00000 2.76532 2.76532
0.02248 0.00000 0.02248 0.02248
