# avg	std	min	max
0.10554 0.00000 0.10554 0.10554
-0.30884 0.00000 -0.30884 -0.30884
0.15472 0.00000 0.15472 0.15472
-0.51358 0.00000 -0.51358 -0.51358
-0.28309 0.00000 -0.28309 -0.28309
-0.88968 0.00000 -0.88968 -0.88968
-0.57936 0.00000 -0.57936 -0.57936
-1.27404 0.00000 -1.27404 -1.27404
-1.04761 0.00000 -1.04761 -1.04761
0.10148 0.00000 0.10148 0.10148
-0.53950 0.00000 -0.53950 -0.53950
0.19769 0.00000 0.19769 0.19769
-0.52439 0.00000 -0.52439 -0.52439
0.08850 0.00000 0.08850 0.08850
-0.27873 0.00000 -0.27873 -0.27873
0.13170 0.00000 0.13170 0.13170
-0.20869 0.00000 -0.20869 -0.20869
-0.60487 0.00000 -0.60487 -0.60487
-0.63810 0.00000 -0.63810 -0.63810
0.00742 0.00000 0.00742 0.00742
