# avg	std	min	max
1.53830 0.00000 1.53830 1.53830
0.38444 0.00000 0.38444 0.38444
-0.30937 0.00000 -0.30937 -0.30937
-0.86809 0.00000 -0.86809 -0.86809
-0.12848 0.00000 -0.12848 -0.12848
-0.65127 0.00000 -0.65127 -0.65127
-1.03852 0.00000 -1.03852 -1.03852
-0.46656 0.00000 -0.46656 -0.46656
2.00003 0.00000 2.00003 2.00003
0.27170 0.00000 0.27170 0.27170
0.05652 0.00000 0.05652 0.05652
0.10628 0.00000 0.10628 0.10628
-0.78016 0.00000 -0.78016 -0.78016
0.62797 0.00000 0.62797 0.62797
0.10913 0.00000 0.10913 0.10913
1.55976 0.00000 1.55976 1.55976
0.82102 0.00000 0.82102 0.82102
-0.76466 0.00000 -0.76466 -0.76466
-0.60302 0.00000 -0.60302 -0.60302
0.03010 0.00000 0.03010 0.03010
