# avg	std	min	max
3.95871 0.00000 3.95871 3.95871
3.25730 0.00000 3.25730 3.25730
1.08423 0.00000 1.08423 1.08423
0.44259 0.00000 0.44259 0.44259
-0.05108 0.00000 -0.05108 -0.05108
0.43342 0.00000 0.43342 0.43342
0.55693 0.00000 0.55693 0.55693
1.05900 0.00000 1.05900 1.05900
4.05344 0.00000 4.05344 4.05344
3.72743 0.00000 3.72743 3.72743
3.04143 0.00000 3.04143 3.04143
2.40529 0.00000 2.40529 2.40529
2.80285 0.00000 2.80285 2.80285
3.18161 0.00000 3.18161 3.18161
2.73280 0.00000 2.73280 2.73280
3.03766 0.00000 3.03766 3.03766
3.01266 0.00000 3.01266 3.01266
1.37210 0.00000 1.37210 1.37210
1.73549 0.00000 1.73549 1.73549
2.42400 0.00000 2.42400 2.42400
