# avg	std	min	max
4.94500 0.00000 4.94500 4.94500
3.03807 0.00000 3.03807 3.03807
0.40540 0.00000 0.40540 0.40540
0.84975 0.00000 0.84975 0.84975
-0.00214 0.00000 -0.00214 -0.00214
2.23777 0.00000 2.23777 2.23777
13.38250 0.00000 13.38250 13.38250
22.10164 0.00000 22.10164 22.10164
2.01044 0.00000 2.01044 2.01044
4.04663 0.00000 4.04663 4.04663
2.99078 0.00000 2.99078 2.99078
2.40570 0.00000 2.40570 2.40570
20.10374 0.00000 20.10374 20.10374
3.13706 0.00000 3.13706 3.13706
5.42819 0.00000 5.42819 5.42819
4.37692 0.00000 4.37692 4.37692
3.85828 0.00000 3.85828 3.85828
3.60355 0.00000 3.60355 3.60355
2.84009 0.00000 2.84009 2.84009
9.58480 0.00000 9.58480 9.58480
