# avg	std	min	max
0.88116 0.00000 0.88116 0.88116
0.22369 0.00000 0.22369 0.22369
0.03450 0.00000 0.03450 0.03450
-0.16066 0.00000 -0.16066 -0.16066
0.00000 0.00000 0.00000 0.00000
-0.37345 0.00000 -0.37345 -0.37345
-0.03680 0.00000 -0.03680 -0.03680
-0.07673 0.00000 -0.07673 -0.07673
-1.23790 0.00000 -1.23790 -1.23790
0.65419 0.00000 0.65419 0.65419
0.41917 0.00000 0.41917 0.41917
0.72159 0.00000 0.72159 0.72159
0.06921 0.00000 0.06921 0.06921
0.58978 0.00000 0.58978 0.58978
-0.21774 0.00000 -0.21774 -0.21774
0.22666 0.00000 0.22666 0.22666
-0.44148 0.00000 -0.44148 -0.44148
0.01155 0.00000 0.01155 0.01155
0.29224 0.00000 0.29224 0.29224
0.62233 0.00000 0.62233 0.62233
