# avg	std	min	max
4.56051 0.00000 4.56051 4.56051
2.96288 0.00000 2.96288 2.96288
0.79797 0.00000 0.79797 0.79797
-0.07556 0.00000 -0.07556 -0.07556
-0.01003 0.00000 -0.01003 -0.01003
1.32370 0.00000 1.32370 1.32370
6.43870 0.00000 6.43870 6.43870
12.21006 0.00000 12.21006 12.21006
6.06148 0.00000 6.06148 6.06148
3.60484 0.00000 3.60484 3.60484
1.69658 0.00000 1.69658 1.69658
3.14223 0.00000 3.14223 3.14223
10.44412 0.00000 10.44412 10.44412
3.23952 0.00000 3.23952 3.23952
3.42071 0.00000 3.42071 3.42071
4.91240 0.00000 4.91240 4.91240
4.32445 0.00000 4.32445 4.32445
3.80921 0.00000 3.80921 3.80921
3.90932 0.00000 3.90932 3.90932
6.82120 0.00000 6.82120 6.82120
