# avg	std	min	max
4.63449 0.00000 4.63449 4.63449
2.86859 0.00000 2.86859 2.86859
1.02038 0.00000 1.02038 1.02038
0.00825 0.00000 0.00825 0.00825
-0.00300 0.00000 -0.00300 -0.00300
-0.23972 0.00000 -0.23972 -0.23972
2.49584 0.00000 2.49584 2.49584
9.33564 0.00000 9.33564 9.33564
4.08313 0.00000 4.08313 4.08313
4.50730 0.00000 4.50730 4.50730
3.16329 0.00000 3.16329 3.16329
3.06800 0.00000 3.06800 3.06800
4.77528 0.00000 4.77528 4.77528
3.28269 0.00000 3.28269 3.28269
2.79168 0.00000 2.79168 2.79168
3.72619 0.00000 3.72619 3.72619
3.40356 0.00000 3.40356 3.40356
2.38536 0.00000 2.38536 2.38536
5.21344 0.00000 5.21344 5.21344
2.95297 0.00000 2.95297 2.95297
