# avg	std	min	max
5.96850 0.00000 5.96850 5.96850
4.05418 0.00000 4.05418 4.05418
1.15013 0.00000 1.15013 1.15013
0.17556 0.00000 0.17556 0.17556
-0.00123 0.00000 -0.00123 -0.00123
0.54083 0.00000 0.54083 0.54083
8.25726 0.00000 8.25726 8.25726
14.43572 0.00000 14.43572 14.43572
8.86867 0.00000 8.86867 8.86867
4.87295 0.00000 4.87295 4.87295
3.54400 0.00000 3.54400 3.54400
4.02235 0.00000 4.02235 4.02235
13.01718 0.00000 13.01718 13.01718
3.57883 0.00000 3.57883 3.57883
3.99199 0.00000 3.99199 3.99199
5.01732 0.00000 5.01732 5.01732
5.23515 0.00000 5.23515 5.23515
6.94067 0.00000 6.94067 6.94067
10.65054 0.00000 10.65054 10.65054
4.92649 0.00000 4.92649 4.92649
