# avg	std	min	max
3.36031 0.00000 3.36031 3.36031
2.11012 0.00000 2.11012 2.11012
0.87204 0.00000 0.87204 0.87204
1.23949 0.00000 1.23949 1.23949
-0.00346 0.00000 -0.00346 -0.00346
-0.00059 0.00000 -0.00059 -0.00059
1.23190 0.00000 1.23190 1.23190
1.49963 0.00000 1.49963 1.49963
4.31789 0.00000 4.31789 4.31789
2.37060 0.00000 2.37060 2.37060
1.16938 0.00000 1.16938 1.16938
1.21674 0.00000 1.21674 1.21674
1.71840 0.00000 1.71840 1.71840
2.34792 0.00000 2.34792 2.34792
1.32567 0.00000 1.32567 1.32567
2.43218 0.00000 2.43218 2.43218
1.90974 0.00000 1.90974 1.90974
1.66361 0.00000 1.66361 1.66361
2.45981 0.00000 2.45981 2.45981
2.52018 0.00000 2.52018 2.52018
