# avg	std	min	max
6.06177 0.00000 6.06177 6.06177
4.20671 0.00000 4.20671 4.20671
1.19782 0.00000 1.19782 1.19782
0.04877 0.00000 0.04877 0.04877
-0.01237 0.00000 -0.01237 -0.01237
0.53914 0.00000 0.53914 0.53914
5.94038 0.00000 5.94038 5.94038
12.60816 0.00000 12.60816 12.60816
7.46572 0.00000 7.46572 7.46572
4.77927 0.00000 4.77927 4.77927
3.20617 0.00000 3.20617 3.20617
3.35872 0.00000 3.35872 3.35872
10.61696 0.00000 10.61696 10.61696
4.53392 0.00000 4.53392 4.53392
3.90571 0.00000 3.90571 3.90571
5.63393 0.00000 5.63393 5.63393
4.85409 0.00000 4.85409 4.85409
5.18492 0.00000 5.18492 5.18492
6.29438 0.00000 6.29438 6.29438
5.24341 0.00000 5.24341 5.24341
