# avg	std	min	max
2.97304 0.00000 2.97304 2.97304
2.09855 0.00000 2.09855 2.09855
0.47744 0.00000 0.47744 0.47744
2.71260 0.00000 2.71260 2.71260
-0.00179 0.00000 -0.00179 -0.00179
1.33159 0.00000 1.33159 1.33159
9.68380 0.00000 9.68380 9.68380
10.22576 0.00000 10.22576 10.22576
2.64947 0.00000 2.64947 2.64947
2.38962 0.00000 2.38962 2.38962
1.30544 0.00000 1.30544 1.30544
1.52754 0.00000 1.52754 1.52754
10.83642 0.00000 10.83642 10.83642
3.01077 0.00000 3.01077 3.01077
4.46124 0.00000 4.46124 4.46124
5.12929 0.00000 5.12929 5.12929
4.59852 0.00000 4.59852 4.59852
5.53052 0.00000 5.53052 5.53052
3.79985 0.00000 3.79985 3.79985
7.31124 0.00000 7.31124 7.31124
