# avg	std	min	max
5.16518 0.00000 5.16518 5.16518
3.44602 0.00000 3.44602 3.44602
1.31650 0.00000 1.31650 1.31650
0.23596 0.00000 0.23596 0.23596
-0.00575 0.00000 -0.00575 -0.00575
0.30834 0.00000 0.30834 0.30834
8.43232 0.00000 8.43232 8.43232
9.50111 0.00000 9.50111 9.50111
4.37232 0.00000 4.37232 4.37232
4.64649 0.00000 4.64649 4.64649
3.61189 0.00000 3.61189 3.61189
3.43182 0.00000 3.43182 3.43182
12.82639 0.00000 12.82639 12.82639
4.34193 0.00000 4.34193 4.34193
3.54131 0.00000 3.54131 3.54131
5.00545 0.00000 5.00545 5.00545
4.74707 0.00000 4.74707 4.74707
4.45288 0.00000 4.45288 4.45288
7.78492 0.00000 7.78492 7.78492
5.91410 0.00000 5.91410 5.91410
