# avg	std	min	max
6.01542 0.00000 6.01542 6.01542
3.91884 0.00000 3.91884 3.91884
1.49762 0.00000 1.49762 1.49762
0.87099 0.00000 0.87099 0.87099
-0.00177 0.00000 -0.00177 -0.00177
0.39242 0.00000 0.39242 0.39242
7.80026 0.00000 7.80026 7.80026
13.11114 0.00000 13.11114 13.11114
8.86993 0.00000 8.86993 8.86993
5.55924 0.00000 5.55924 5.55924
3.72726 0.00000 3.72726 3.72726
3.87120 0.00000 3.87120 3.87120
11.05795 0.00000 11.05795 11.05795
3.79921 0.00000 3.79921 3.79921
4.10729 0.00000 4.10729 4.10729
6.03011 0.00000 6.03011 6.03011
5.60912 0.00000 5.60912 5.60912
4.62480 0.00000 4.62480 4.62480
7.77120 0.00000 7.77120 7.77120
6.25684 0.00000 6.25684 6.25684
