# avg	std	min	max
7.26521 0.00000 7.26521 7.26521
5.27691 0.00000 5.27691 5.27691
1.40039 0.00000 1.40039 1.40039
0.53135 0.00000 0.53135 0.53135
-0.06212 0.00000 -0.06212 -0.06212
0.25017 0.00000 0.25017 0.25017
0.81007 0.00000 0.81007 0.81007
9.90502 0.00000 9.90502 9.90502
7.23817 0.00000 7.23817 7.23817
6.16733 0.00000 6.16733 6.16733
3.96814 0.00000 3.96814 3.96814
4.25385 0.00000 4.25385 4.25385
5.83239 0.00000 5.83239 5.83239
5.00068 0.00000 5.00068 5.00068
4.33990 0.00000 4.33990 4.33990
6.65484 0.00000 6.65484 6.65484
6.08876 0.00000 6.08876 6.08876
4.63177 0.00000 4.63177 4.63177
6.77133 0.00000 6.77133 6.77133
6.09725 0.00000 6.09725 6.09725
