# avg	std	min	max
3.56675 0.00000 3.56675 3.56675
2.06796 0.00000 2.06796 2.06796
0.69781 0.00000 0.69781 0.69781
-0.03835 0.00000 -0.03835 -0.03835
0.00140 0.00000 0.00140 0.00140
0.32671 0.00000 0.32671 0.32671
5.41923 0.00000 5.41923 5.41923
5.33049 0.00000 5.33049 5.33049
4.92643 0.00000 4.92643 4.92643
2.98650 0.00000 2.98650 2.98650
2.08608 0.00000 2.08608 2.08608
2.26907 0.00000 2.26907 2.26907
5.19806 0.00000 5.19806 5.19806
1.84207 0.00000 1.84207 1.84207
2.36814 0.00000 2.36814 2.36814
4.47208 0.00000 4.47208 4.47208
3.42598 0.00000 3.42598 3.42598
0.58141 0.00000 0.58141 0.58141
0.77189 0.00000 0.77189 0.77189
5.91408 0.00000 5.91408 5.91408
