# avg	std	min	max
5.82249 0.00000 5.82249 5.82249
4.01782 0.00000 4.01782 4.01782
0.99541 0.00000 0.99541 0.99541
0.28734 0.00000 0.28734 0.28734
0.00028 0.00000 0.00028 0.00028
0.66831 0.00000 0.66831 0.66831
9.52389 0.00000 9.52389 9.52389
18.60496 0.00000 18.60496 18.60496
6.72054 0.00000 6.72054 6.72054
4.54024 0.00000 4.54024 4.54024
2.65562 0.00000 2.65562 2.65562
3.51103 0.00000 3.51103 3.51103
13.70878 0.00000 13.70878 13.70878
4.40810 0.00000 4.40810 4.40810
4.32947 0.00000 4.32947 4.32947
6.50461 0.00000 6.50461 6.50461
5.64951 0.00000 5.64951 5.64951
5.10631 0.00000 5.10631 5.10631
7.46806 0.00000 7.46806 7.46806
7.86283 0.00000 7.86283 7.86283
