# avg	std	min	max
6.11513 0.00000 6.11513 6.11513
4.28112 0.00000 4.28112 4.28112
1.07113 0.00000 1.07113 1.07113
0.61964 0.00000 0.61964 0.61964
-0.00396 0.00000 -0.00396 -0.00396
0.01590 0.00000 0.01590 0.01590
5.50678 0.00000 5.50678 5.50678
9.80352 0.00000 9.80352 9.80352
4.75324 0.00000 4.75324 4.75324
5.67830 0.00000 5.67830 5.67830
3.76964 0.00000 3.76964 3.76964
3.41622 0.00000 3.41622 3.41622
9.23685 0.00000 9.23685 9.23685
3.30771 0.00000 3.30771 3.30771
3.93093 0.00000 3.93093 3.93093
6.05073 0.00000 6.05073 6.05073
5.61506 0.00000 5.61506 5.61506
4.23795 0.00000 4.23795 4.23795
6.65731 0.00000 6.65731 6.65731
8.66281 0.00000 8.66281 8.66281
