# avg	std	min	max
5.24489 0.00000 5.24489 5.24489
4.00627 0.00000 4.00627 4.00627
0.95575 0.00000 0.95575 0.95575
0.29411 0.00000 0.29411 0.29411
-0.00333 0.00000 -0.00333 -0.00333
0.81264 0.00000 0.81264 0.81264
10.80791 0.00000 10.80791 10.80791
21.73442 0.00000 21.73442 21.73442
4.32643 0.00000 4.32643 4.32643
3.95580 0.00000 3.95580 3.95580
2.64984 0.00000 2.64984 2.64984
2.81197 0.00000 2.81197 2.81197
18.47462 0.00000 18.47462 18.47462
2.99492 0.00000 2.99492 2.99492
3.58872 0.00000 3.58872 3.58872
6.09396 0.00000 6.09396 6.09396
6.54676 0.00000 6.54676 6.54676
3.85235 0.00000 3.85235 3.85235
5.81632 0.00000 5.81632 5.81632
7.91955 0.00000 7.91955 7.91955
