# avg	std	min	max
4.92684 0.00000 4.92684 4.92684
3.05961 0.00000 3.05961 3.05961
0.99502 0.00000 0.99502 0.99502
-0.15262 0.00000 -0.15262 -0.15262
-0.00966 0.00000 -0.00966 -0.00966
0.75604 0.00000 0.75604 0.75604
4.79966 0.00000 4.79966 4.79966
17.82926 0.00000 17.82926 17.82926
8.02870 0.00000 8.02870 8.02870
3.65051 0.00000 3.65051 3.65051
3.34847 0.00000 3.34847 3.34847
2.86613 0.00000 2.86613 2.86613
5.18653 0.00000 5.18653 5.18653
2.99789 0.00000 2.99789 2.99789
2.83755 0.00000 2.83755 2.83755
5.15327 0.00000 5.15327 5.15327
5.17362 0.00000 5.17362 5.17362
1.86241 0.00000 1.86241 1.86241
5.39463 0.00000 5.39463 5.39463
2.90502 0.00000 2.90502 2.90502
