# avg	std	min	max
5.76470 0.00000 5.76470 5.76470
4.42339 0.00000 4.42339 4.42339
1.52543 0.00000 1.52543 1.52543
0.52623 0.00000 0.52623 0.52623
-0.00193 0.00000 -0.00193 -0.00193
2.25237 0.00000 2.25237 2.25237
5.25054 0.00000 5.25054 5.25054
17.81862 0.00000 17.81862 17.81862
6.36664 0.00000 6.36664 6.36664
5.74864 0.00000 5.74864 5.74864
3.96343 0.00000 3.96343 3.96343
4.01857 0.00000 4.01857 4.01857
10.51940 0.00000 10.51940 10.51940
4.28269 0.00000 4.28269 4.28269
4.27240 0.00000 4.27240 4.27240
6.08510 0.00000 6.08510 6.08510
5.67363 0.00000 5.67363 5.67363
5.84842 0.00000 5.84842 5.84842
10.09289 0.00000 10.09289 10.09289
3.67008 0.00000 3.67008 3.67008
