# avg	std	min	max
4.48896 0.00000 4.48896 4.48896
3.02157 0.00000 3.02157 3.02157
1.26434 0.00000 1.26434 1.26434
-0.28872 0.00000 -0.28872 -0.28872
-0.05022 0.00000 -0.05022 -0.05022
1.29693 0.00000 1.29693 1.29693
13.73918 0.00000 13.73918 13.73918
15.64922 0.00000 15.64922 15.64922
4.43923 0.00000 4.43923 4.43923
3.63016 0.00000 3.63016 3.63016
2.66380 0.00000 2.66380 2.66380
2.85980 0.00000 2.85980 2.85980
17.86078 0.00000 17.86078 17.86078
2.63112 0.00000 2.63112 2.63112
4.05479 0.00000 4.05479 4.05479
4.18761 0.00000 4.18761 4.18761
4.35855 0.00000 4.35855 4.35855
5.00470 0.00000 5.00470 5.00470
9.10365 0.00000 9.10365 9.10365
6.82390 0.00000 6.82390 6.82390
