# avg	std	min	max
0.25641 0.00000 0.25641 0.25641
0.14534 0.00000 0.14534 0.14534
0.48148 0.00000 0.48148 0.48148
-0.38182 0.00000 -0.38182 -0.38182
0.00051 0.00000 0.00051 0.00051
-0.81705 0.00000 -0.81705 -0.81705
-0.26545 0.00000 -0.26545 -0.26545
-0.44758 0.00000 -0.44758 -0.44758
0.30605 0.00000 0.30605 0.30605
0.34581 0.00000 0.34581 0.34581
-0.58319 0.00000 -0.58319 -0.58319
0.14351 0.00000 0.14351 0.14351
-0.22188 0.00000 -0.22188 -0.22188
-0.07370 0.00000 -0.07370 -0.07370
-0.37164 0.00000 -0.37164 -0.37164
0.35531 0.00000 0.35531 0.35531
0.20206 0.00000 0.20206 0.20206
-0.84534 0.00000 -0.84534 -0.84534
-0.71633 0.00000 -0.71633 -0.71633
-0.41545 0.00000 -0.41545 -0.41545
