# avg	std	min	max
4.88705 0.00000 4.88705 4.88705
3.06537 0.00000 3.06537 3.06537
0.65316 0.00000 0.65316 0.65316
0.01212 0.00000 0.01212 0.01212
-0.05798 0.00000 -0.05798 -0.05798
0.94957 0.00000 0.94957 0.94957
12.77548 0.00000 12.77548 12.77548
13.20198 0.00000 13.20198 13.20198
2.75079 0.00000 2.75079 2.75079
4.21488 0.00000 4.21488 4.21488
2.30616 0.00000 2.30616 2.30616
3.23852 0.00000 3.23852 3.23852
14.08144 0.00000 14.08144 14.08144
4.12691 0.00000 4.12691 4.12691
4.13019 0.00000 4.13019 4.13019
4.94944 0.00000 4.94944 4.94944
4.53039 0.00000 4.53039 4.53039
3.44993 0.00000 3.44993 3.44993
9.66815 0.00000 9.66815 9.66815
5.74028 0.00000 5.74028 5.74028
