# avg	std	min	max
1.92201 0.00000 1.92201 1.92201
0.84383 0.00000 0.84383 0.84383
0.47306 0.00000 0.47306 0.47306
-0.43400 0.00000 -0.43400 -0.43400
-0.00195 0.00000 -0.00195 -0.00195
-0.12490 0.00000 -0.12490 -0.12490
-0.21717 0.00000 -0.21717 -0.21717
0.21610 0.00000 0.21610 0.21610
-0.19619 0.00000 -0.19619 -0.19619
2.16860 0.00000 2.16860 2.16860
1.41886 0.00000 1.41886 1.41886
1.57109 0.00000 1.57109 1.57109
-0.01772 0.00000 -0.01772 -0.01772
0.74127 0.00000 0.74127 0.74127
0.77429 0.00000 0.77429 0.77429
2.36241 0.00000 2.36241 2.36241
1.31261 0.00000 1.31261 1.31261
0.35882 0.00000 0.35882 0.35882
-0.16254 0.00000 -0.16254 -0.16254
0.63228 0.00000 0.63228 0.63228
