# avg	std	min	max
5.12533 0.00000 5.12533 5.12533
3.43616 0.00000 3.43616 3.43616
1.80424 0.00000 1.80424 1.80424
1.07304 0.00000 1.07304 1.07304
-0.02346 0.00000 -0.02346 -0.02346
1.82928 0.00000 1.82928 1.82928
9.88126 0.00000 9.88126 9.88126
20.46570 0.00000 20.46570 20.46570
9.03974 0.00000 9.03974 9.03974
4.89565 0.00000 4.89565 4.89565
2.96684 0.00000 2.96684 2.96684
3.05269 0.00000 3.05269 3.05269
10.63365 0.00000 10.63365 10.63365
4.07480 0.00000 4.07480 4.07480
5.02042 0.00000 5.02042 5.02042
5.74965 0.00000 5.74965 5.74965
5.58384 0.00000 5.58384 5.58384
8.21327 0.00000 8.21327 8.21327
8.14533 0.00000 8.14533 8.14533
11.09066 0.00000 11.09066 11.09066
