# avg	std	min	max
2.68989 0.00000 2.68989 2.68989
1.48500 0.00000 1.48500 1.48500
0.63815 0.00000 0.63815 0.63815
0.39315 0.00000 0.39315 0.39315
0.00266 0.00000 0.00266 0.00266
0.65735 0.00000 0.65735 0.65735
0.39670 0.00000 0.39670 0.39670
0.37838 0.00000 0.37838 0.37838
4.92629 0.00000 4.92629 4.92629
3.07066 0.00000 3.07066 3.07066
1.97574 0.00000 1.97574 1.97574
2.04711 0.00000 2.04711 2.04711
0.64342 0.00000 0.64342 0.64342
1.67675 0.00000 1.67675 1.67675
1.90361 0.00000 1.90361 1.90361
2.30372 0.00000 2.30372 2.30372
1.89999 0.00000 1.89999 1.89999
1.18993 0.00000 1.18993 1.18993
1.68294 0.00000 1.68294 1.68294
2.04528 0.00000 2.04528 2.04528
