# avg	std	min	max
3.36846 0.00000 3.36846 3.36846
2.05743 0.00000 2.05743 2.05743
1.19041 0.00000 1.19041 1.19041
-0.58068 0.00000 -0.58068 -0.58068
-0.00046 0.00000 -0.00046 -0.00046
-0.22521 0.00000 -0.22521 -0.22521
2.62106 0.00000 2.62106 2.62106
2.06796 0.00000 2.06796 2.06796
6.75378 0.00000 6.75378 6.75378
2.33189 0.00000 2.33189 2.33189
1.34233 0.00000 1.34233 1.34233
1.91429 0.00000 1.91429 1.91429
1.60112 0.00000 1.60112 1.60112
2.61655 0.00000 2.61655 2.61655
2.41953 0.00000 2.41953 2.41953
3.90960 0.00000 3.90960 3.90960
2.97096 0.00000 2.97096 2.97096
0.76884 0.00000 0.76884 0.76884
1.06453 0.00000 1.06453 1.06453
3.29662 0.00000 3.29662 3.29662
