# avg	std	min	max
3.04664 0.00000 3.04664 3.04664
2.19478 0.00000 2.19478 2.19478
0.69237 0.00000 0.69237 0.69237
-0.27825 0.00000 -0.27825 -0.27825
-0.00663 0.00000 -0.00663 -0.00663
0.04516 0.00000 0.04516 0.04516
-0.51827 0.00000 -0.51827 -0.51827
0.98470 0.00000 0.98470 0.98470
3.13092 0.00000 3.13092 3.13092
3.07014 0.00000 3.07014 3.07014
2.24037 0.00000 2.24037 2.24037
1.65349 0.00000 1.65349 1.65349
-0.17475 0.00000 -0.17475 -0.17475
2.13643 0.00000 2.13643 2.13643
1.63113 0.00000 1.63113 1.63113
2.91112 0.00000 2.91112 2.91112
1.87940 0.00000 1.87940 1.87940
0.82888 0.00000 0.82888 0.82888
1.26364 0.00000 1.26364 1.26364
1.72474 0.00000 1.72474 1.72474
