# avg	std	min	max
2.03679 0.00000 2.03679 2.03679
1.69680 0.00000 1.69680 1.69680
1.22913 0.00000 1.22913 1.22913
0.26952 0.00000 0.26952 0.26952
0.00190 0.00000 0.00190 0.00190
0.50350 0.00000 0.50350 0.50350
2.55399 0.00000 2.55399 2.55399
3.22203 0.00000 3.22203 3.22203
3.56094 0.00000 3.56094 3.56094
2.70313 0.00000 2.70313 2.70313
2.37830 0.00000 2.37830 2.37830
1.96388 0.00000 1.96388 1.96388
2.62944 0.00000 2.62944 2.62944
2.60318 0.00000 2.60318 2.60318
1.93385 0.00000 1.93385 1.93385
3.22843 0.00000 3.22843 3.22843
2.15979 0.00000 2.15979 2.15979
1.37026 0.00000 1.37026 1.37026
0.96617 0.00000 0.96617 0.96617
2.57789 0.00000 2.57789 2.57789
