# avg	std	min	max
4.79485 0.00000 4.79485 4.79485
4.11111 0.00000 4.11111 4.11111
0.53056 0.00000 0.53056 0.53056
-0.21761 0.00000 -0.21761 -0.21761
-0.01449 0.00000 -0.01449 -0.01449
0.41972 0.00000 0.41972 0.41972
3.91689 0.00000 3.91689 3.91689
9.96185 0.00000 9.96185 9.96185
4.97447 0.00000 4.97447 4.97447
5.16252 0.00000 5.16252 5.16252
3.29088 0.00000 3.29088 3.29088
3.83729 0.00000 3.83729 3.83729
4.56828 0.00000 4.56828 4.56828
3.77016 0.00000 3.77016 3.77016
3.17946 0.00000 3.17946 3.17946
4.95881 0.00000 4.95881 4.95881
4.49751 0.00000 4.49751 4.49751
3.80636 0.00000 3.80636 3.80636
7.12674 0.00000 7.12674 7.12674
4.82594 0.00000 4.82594 4.82594
