# avg	std	min	max
0.43193 0.00000 0.43193 0.43193
0.36482 0.00000 0.36482 0.36482
0.37341 0.00000 0.37341 0.37341
0.12279 0.00000 0.12279 0.12279
0.16218 0.00000 0.16218 0.16218
0.08545 0.00000 0.08545 0.08545
0.12854 0.00000 0.12854 0.12854
0.56357 0.00000 0.56357 0.56357
2.55709 0.00000 2.55709 2.55709
-0.22144 0.00000 -0.22144 -0.22144
-0.08083 0.00000 -0.08083 -0.08083
-0.08859 0.00000 -0.08859 -0.08859
0.21406 0.00000 0.21406 0.21406
-0.24132 0.00000 -0.24132 -0.24132
-0.06182 0.00000 -0.06182 -0.06182
0.69234 0.00000 0.69234 0.69234
0.56139 0.00000 0.56139 0.56139
0.00000 0.00000 0.00000 0.00000
-0.25830 0.00000 -0.25830 -0.25830
-0.35303 0.00000 -0.35303 -0.35303
