# avg	std	min	max
2.28436 0.00000 2.28436 2.28436
1.31578 0.00000 1.31578 1.31578
1.66921 0.00000 1.66921 1.66921
0.04744 0.00000 0.04744 0.04744
0.62063 0.00000 0.62063 0.62063
-0.02445 0.00000 -0.02445 -0.02445
7.36193 0.00000 7.36193 7.36193
4.54595 0.00000 4.54595 4.54595
-0.96241 0.00000 -0.96241 -0.96241
2.35546 0.00000 2.35546 2.35546
2.81989 0.00000 2.81989 2.81989
1.81725 0.00000 1.81725 1.81725
3.89717 0.00000 3.89717 3.89717
1.17045 0.00000 1.17045 1.17045
1.48306 0.00000 1.48306 1.48306
4.48615 0.00000 4.48615 4.48615
2.43390 0.00000 2.43390 2.43390
0.03374 0.00000 0.03374 0.03374
1.05306 0.00000 1.05306 1.05306
5.39278 0.00000 5.39278 5.39278
