# avg	std	min	max
2.57530 0.00000 2.57530 2.57530
1.30884 0.00000 1.30884 1.30884
1.15735 0.00000 1.15735 1.15735
0.43478 0.00000 0.43478 0.43478
0.69618 0.00000 0.69618 0.69618
0.33764 0.00000 0.33764 0.33764
0.53562 0.00000 0.53562 0.53562
0.41167 0.00000 0.41167 0.41167
2.90315 0.00000 2.90315 2.90315
1.86395 0.00000 1.86395 1.86395
2.30184 0.00000 2.30184 2.30184
2.02603 0.00000 2.02603 2.02603
0.63070 0.00000 0.63070 0.63070
1.60618 0.00000 1.60618 1.60618
1.51039 0.00000 1.51039 1.51039
2.01221 0.00000 2.01221 2.01221
1.21910 0.00000 1.21910 1.21910
-0.05088 0.00000 -0.05088 -0.05088
1.20822 0.00000 1.20822 1.20822
1.01333 0.00000 1.01333 1.01333
