# avg	std	min	max
1.42254 0.00000 1.42254 1.42254
0.95209 0.00000 0.95209 0.95209
1.84780 0.00000 1.84780 1.84780
-0.30606 0.00000 -0.30606 -0.30606
0.78917 0.00000 0.78917 0.78917
-0.47211 0.00000 -0.47211 -0.47211
-0.23473 0.00000 -0.23473 -0.23473
0.44673 0.00000 0.44673 0.44673
4.17493 0.00000 4.17493 4.17493
0.78463 0.00000 0.78463 0.78463
0.45740 0.00000 0.45740 0.45740
0.85276 0.00000 0.85276 0.85276
-0.07648 0.00000 -0.07648 -0.07648
-0.21382 0.00000 -0.21382 -0.21382
-0.01404 0.00000 -0.01404 -0.01404
0.99489 0.00000 0.99489 0.99489
0.92413 0.00000 0.92413 0.92413
-0.01624 0.00000 -0.01624 -0.01624
-0.28269 0.00000 -0.28269 -0.28269
-0.11422 0.00000 -0.11422 -0.11422
