# avg	std	min	max
1.69541 0.00000 1.69541 1.69541
1.45316 0.00000 1.45316 1.45316
3.40772 0.00000 3.40772 3.40772
0.48454 0.00000 0.48454 0.48454
2.90915 0.00000 2.90915 2.90915
0.95901 0.00000 0.95901 0.95901
0.10860 0.00000 0.10860 0.10860
1.87258 0.00000 1.87258 1.87258
1.98144 0.00000 1.98144 1.98144
2.00247 0.00000 2.00247 2.00247
2.62908 0.00000 2.62908 2.62908
1.38641 0.00000 1.38641 1.38641
0.26966 0.00000 0.26966 0.26966
0.92471 0.00000 0.92471 0.92471
0.68394 0.00000 0.68394 0.68394
3.49503 0.00000 3.49503 3.49503
2.20739 0.00000 2.20739 2.20739
-0.06150 0.00000 -0.06150 -0.06150
0.43999 0.00000 0.43999 0.43999
0.95094 0.00000 0.95094 0.95094
