# avg	std	min	max
2.21210 0.00000 2.21210 2.21210
2.04099 0.00000 2.04099 2.04099
0.83450 0.00000 0.83450 0.83450
-0.40062 0.00000 -0.40062 -0.40062
1.82630 0.00000 1.82630 1.82630
0.41626 0.00000 0.41626 0.41626
-0.95121 0.00000 -0.95121 -0.95121
1.97227 0.00000 1.97227 1.97227
2.98561 0.00000 2.98561 2.98561
1.91141 0.00000 1.91141 1.91141
0.97366 0.00000 0.97366 0.97366
1.75821 0.00000 1.75821 1.75821
-0.49151 0.00000 -0.49151 -0.49151
2.07809 0.00000 2.07809 2.07809
2.23512 0.00000 2.23512 2.23512
2.47247 0.00000 2.47247 2.47247
0.83513 0.00000 0.83513 0.83513
-0.01631 0.00000 -0.01631 -0.01631
1.53867 0.00000 1.53867 1.53867
1.38335 0.00000 1.38335 1.38335
