# avg	std	min	max
0.22271 0.00000 0.22271 0.22271
0.22746 0.00000 0.22746 0.22746
0.53657 0.00000 0.53657 0.53657
0.05291 0.00000 0.05291 0.05291
0.19342 0.00000 0.19342 0.19342
0.17227 0.00000 0.17227 0.17227
0.09929 0.00000 0.09929 0.09929
-0.01695 0.00000 -0.01695 -0.01695
0.50216 0.00000 0.50216 0.50216
0.14924 0.00000 0.14924 0.14924
0.71910 0.00000 0.71910 0.71910
0.45089 0.00000 0.45089 0.45089
0.17088 0.00000 0.17088 0.17088
-0.19180 0.00000 -0.19180 -0.19180
-0.32452 0.00000 -0.32452 -0.32452
-0.11449 0.00000 -0.11449 -0.11449
0.12043 0.00000 0.12043 0.12043
-0.00358 0.00000 -0.00358 -0.00358
0.00050 0.00000 0.00050 0.00050
-0.19658 0.00000 -0.19658 -0.19658
