# avg	std	min	max
1.42794 0.00000 1.42794 1.42794
0.60124 0.00000 0.60124 0.60124
1.21616 0.00000 1.21616 1.21616
0.09969 0.00000 0.09969 0.09969
0.55128 0.00000 0.55128 0.55128
0.18950 0.00000 0.18950 0.18950
0.72271 0.00000 0.72271 0.72271
0.26155 0.00000 0.26155 0.26155
1.16397 0.00000 1.16397 1.16397
0.64121 0.00000 0.64121 0.64121
1.42564 0.00000 1.42564 1.42564
1.33193 0.00000 1.33193 1.33193
0.73159 0.00000 0.73159 0.73159
0.40215 0.00000 0.40215 0.40215
0.43749 0.00000 0.43749 0.43749
0.72580 0.00000 0.72580 0.72580
0.36740 0.00000 0.36740 0.36740
-0.07091 0.00000 -0.07091 -0.07091
0.58389 0.00000 0.58389 0.58389
0.60655 0.00000 0.60655 0.60655
