# avg	std	min	max
1.13064 0.00000 1.13064 1.13064
0.39832 0.00000 0.39832 0.39832
0.76033 0.00000 0.76033 0.76033
-0.18019 0.00000 -0.18019 -0.18019
0.19346 0.00000 0.19346 0.19346
-0.51483 0.00000 -0.51483 -0.51483
0.41293 0.00000 0.41293 0.41293
0.36507 0.00000 0.36507 0.36507
3.39568 0.00000 3.39568 3.39568
0.37940 0.00000 0.37940 0.37940
0.42985 0.00000 0.42985 0.42985
0.91395 0.00000 0.91395 0.91395
0.75567 0.00000 0.75567 0.75567
0.28980 0.00000 0.28980 0.28980
0.07654 0.00000 0.07654 0.07654
0.45934 0.00000 0.45934 0.45934
0.20949 0.00000 0.20949 0.20949
-0.01234 0.00000 -0.01234 -0.01234
-0.00226 0.00000 -0.00226 -0.00226
0.91905 0.00000 0.91905 0.91905
