# avg	std	min	max
0.70367 0.00000 0.70367 0.70367
0.40228 0.00000 0.40228 0.40228
0.65711 0.00000 0.65711 0.65711
0.44054 0.00000 0.44054 0.44054
0.35528 0.00000 0.35528 0.35528
0.16335 0.00000 0.16335 0.16335
0.46858 0.00000 0.46858 0.46858
0.74313 0.00000 0.74313 0.74313
-0.87407 0.00000 -0.87407 -0.87407
0.74713 0.00000 0.74713 0.74713
0.66155 0.00000 0.66155 0.66155
0.56895 0.00000 0.56895 0.56895
0.45667 0.00000 0.45667 0.45667
0.64458 0.00000 0.64458 0.64458
0.07082 0.00000 0.07082 0.07082
1.26325 0.00000 1.26325 1.26325
1.06811 0.00000 1.06811 1.06811
-0.07684 0.00000 -0.07684 -0.07684
-0.21771 0.00000 -0.21771 -0.21771
-0.03909 0.00000 -0.03909 -0.03909
