# avg	std	min	max
2.01106 0.00000 2.01106 2.01106
1.47702 0.00000 1.47702 1.47702
0.44631 0.00000 0.44631 0.44631
-0.03295 0.00000 -0.03295 -0.03295
0.01661 0.00000 0.01661 0.01661
0.20185 0.00000 0.20185 0.20185
1.81462 0.00000 1.81462 1.81462
2.35591 0.00000 2.35591 2.35591
0.82663 0.00000 0.82663 0.82663
1.58459 0.00000 1.58459 1.58459
1.11834 0.00000 1.11834 1.11834
0.92815 0.00000 0.92815 0.92815
1.39100 0.00000 1.39100 1.39100
1.05307 0.00000 1.05307 1.05307
0.65264 0.00000 0.65264 0.65264
2.97588 0.00000 2.97588 2.97588
0.89294 0.00000 0.89294 0.89294
-0.07871 0.00000 -0.07871 -0.07871
-0.23185 0.00000 -0.23185 -0.23185
1.05558 0.00000 1.05558 1.05558
