# avg	std	min	max
1.30402 0.00000 1.30402 1.30402
0.46964 0.00000 0.46964 0.46964
0.75052 0.00000 0.75052 0.75052
-0.05472 0.00000 -0.05472 -0.05472
0.21248 0.00000 0.21248 0.21248
0.08362 0.00000 0.08362 0.08362
0.20579 0.00000 0.20579 0.20579
-0.08197 0.00000 -0.08197 -0.08197
2.96059 0.00000 2.96059 2.96059
0.52668 0.00000 0.52668 0.52668
0.94846 0.00000 0.94846 0.94846
0.80689 0.00000 0.80689 0.80689
0.13313 0.00000 0.13313 0.13313
0.76930 0.00000 0.76930 0.76930
0.52635 0.00000 0.52635 0.52635
1.13809 0.00000 1.13809 1.13809
0.46816 0.00000 0.46816 0.46816
-0.01423 0.00000 -0.01423 -0.01423
0.06563 0.00000 0.06563 0.06563
0.50652 0.00000 0.50652 0.50652
