# avg	std	min	max
2.91726 0.00000 2.91726 2.91726
2.19507 0.00000 2.19507 2.19507
3.94238 0.00000 3.94238 3.94238
-0.04068 0.00000 -0.04068 -0.04068
4.17006 0.00000 4.17006 4.17006
0.85737 0.00000 0.85737 0.85737
0.36124 0.00000 0.36124 0.36124
0.85827 0.00000 0.85827 0.85827
4.22649 0.00000 4.22649 4.22649
2.81821 0.00000 2.81821 2.81821
2.55919 0.00000 2.55919 2.55919
1.91546 0.00000 1.91546 1.91546
0.54673 0.00000 0.54673 0.54673
2.26829 0.00000 2.26829 2.26829
1.43572 0.00000 1.43572 1.43572
3.56123 0.00000 3.56123 3.56123
3.20675 0.00000 3.20675 3.20675
-0.00719 0.00000 -0.00719 -0.00719
0.79112 0.00000 0.79112 0.79112
0.94177 0.00000 0.94177 0.94177
