# avg	std	min	max
2.96687 0.00000 2.96687 2.96687
2.72376 0.00000 2.72376 2.72376
1.74623 0.00000 1.74623 1.74623
0.71037 0.00000 0.71037 0.71037
1.62901 0.00000 1.62901 1.62901
1.44456 0.00000 1.44456 1.44456
5.98320 0.00000 5.98320 5.98320
6.04828 0.00000 6.04828 6.04828
1.39622 0.00000 1.39622 1.39622
3.65468 0.00000 3.65468 3.65468
2.66401 0.00000 2.66401 2.66401
2.69565 0.00000 2.69565 2.69565
9.72320 0.00000 9.72320 9.72320
3.13897 0.00000 3.13897 3.13897
0.48083 0.00000 0.48083 0.48083
6.40045 0.00000 6.40045 6.40045
5.59862 0.00000 5.59862 5.59862
-0.07353 0.00000 -0.07353 -0.07353
1.23627 0.00000 1.23627 1.23627
4.15709 0.00000 4.15709 4.15709
