# avg	std	min	max
1.03803 0.00000 1.03803 1.03803
0.26314 0.00000 0.26314 0.26314
0.88671 0.00000 0.88671 0.88671
-0.02830 0.00000 -0.02830 -0.02830
0.02488 0.00000 0.02488 0.02488
-0.22501 0.00000 -0.22501 -0.22501
-0.31274 0.00000 -0.31274 -0.31274
-0.48902 0.00000 -0.48902 -0.48902
3.32863 0.00000 3.32863 3.32863
0.76359 0.00000 0.76359 0.76359
1.19743 0.00000 1.19743 1.19743
1.01168 0.00000 1.01168 1.01168
-0.16742 0.00000 -0.16742 -0.16742
0.46316 0.00000 0.46316 0.46316
0.19818 0.00000 0.19818 0.19818
1.08509 0.00000 1.08509 1.08509
0.56376 0.00000 0.56376 0.56376
-0.02610 0.00000 -0.02610 -0.02610
-0.33924 0.00000 -0.33924 -0.33924
0.36362 0.00000 0.36362 0.36362
