# avg	std	min	max
1.41659 0.00000 1.41659 1.41659
2.57326 0.00000 2.57326 2.57326
3.68419 0.00000 3.68419 3.68419
1.81284 0.00000 1.81284 1.81284
3.47761 0.00000 3.47761 3.47761
0.18903 0.00000 0.18903 0.18903
2.95162 0.00000 2.95162 2.95162
12.36374 0.00000 12.36374 12.36374
4.91932 0.00000 4.91932 4.91932
2.42714 0.00000 2.42714 2.42714
5.29637 0.00000 5.29637 5.29637
1.50054 0.00000 1.50054 1.50054
7.39704 0.00000 7.39704 7.39704
2.32646 0.00000 2.32646 2.32646
2.61407 0.00000 2.61407 2.61407
6.78694 0.00000 6.78694 6.78694
6.89226 0.00000 6.89226 6.89226
-0.01878 0.00000 -0.01878 -0.01878
0.77892 0.00000 0.77892 0.77892
3.12281 0.00000 3.12281 3.12281
