# avg	std	min	max
1.69811 0.00000 1.69811 1.69811
0.92354 0.00000 0.92354 0.92354
1.01405 0.00000 1.01405 1.01405
0.23509 0.00000 0.23509 0.23509
1.13167 0.00000 1.13167 1.13167
0.16460 0.00000 0.16460 0.16460
1.02996 0.00000 1.02996 1.02996
0.76179 0.00000 0.76179 0.76179
5.39552 0.00000 5.39552 5.39552
1.53969 0.00000 1.53969 1.53969
2.08954 0.00000 2.08954 2.08954
1.38134 0.00000 1.38134 1.38134
1.00875 0.00000 1.00875 1.00875
1.51859 0.00000 1.51859 1.51859
0.67758 0.00000 0.67758 0.67758
1.46412 0.00000 1.46412 1.46412
1.08819 0.00000 1.08819 1.08819
-0.00764 0.00000 -0.00764 -0.00764
0.27917 0.00000 0.27917 0.27917
1.57535 0.00000 1.57535 1.57535
