# avg	std	min	max
0.69143 0.00000 0.69143 0.69143
0.66238 0.00000 0.66238 0.66238
0.94980 0.00000 0.94980 0.94980
0.55773 0.00000 0.55773 0.55773
0.86799 0.00000 0.86799 0.86799
0.68450 0.00000 0.68450 0.68450
0.44468 0.00000 0.44468 0.44468
0.82876 0.00000 0.82876 0.82876
0.11932 0.00000 0.11932 0.11932
0.67615 0.00000 0.67615 0.67615
0.88847 0.00000 0.88847 0.88847
0.74685 0.00000 0.74685 0.74685
0.51559 0.00000 0.51559 0.51559
0.72227 0.00000 0.72227 0.72227
0.43415 0.00000 0.43415 0.43415
1.18212 0.00000 1.18212 1.18212
0.38722 0.00000 0.38722 0.38722
-0.00000 0.00000 -0.00000 -0.00000
-0.10679 0.00000 -0.10679 -0.10679
0.64799 0.00000 0.64799 0.64799
