# avg	std	min	max
2.74569 0.00000 2.74569 2.74569
1.93700 0.00000 1.93700 1.93700
1.62997 0.00000 1.62997 1.62997
0.92577 0.00000 0.92577 0.92577
1.88067 0.00000 1.88067 1.88067
0.94381 0.00000 0.94381 0.94381
2.37945 0.00000 2.37945 2.37945
3.92304 0.00000 3.92304 3.92304
8.09558 0.00000 8.09558 8.09558
2.77763 0.00000 2.77763 2.77763
3.02685 0.00000 3.02685 3.02685
2.03079 0.00000 2.03079 2.03079
4.79759 0.00000 4.79759 4.79759
2.04947 0.00000 2.04947 2.04947
1.57020 0.00000 1.57020 1.57020
3.80382 0.00000 3.80382 3.80382
2.80674 0.00000 2.80674 2.80674
-0.16140 0.00000 -0.16140 -0.16140
-0.36055 0.00000 -0.36055 -0.36055
3.84944 0.00000 3.84944 3.84944
