# avg	std	min	max
2.48356 0.00000 2.48356 2.48356
1.62534 0.00000 1.62534 1.62534
3.23546 0.00000 3.23546 3.23546
-0.00088 0.00000 -0.00088 -0.00088
2.05917 0.00000 2.05917 2.05917
-0.17941 0.00000 -0.17941 -0.17941
0.41571 0.00000 0.41571 0.41571
1.20228 0.00000 1.20228 1.20228
1.71082 0.00000 1.71082 1.71082
1.49087 0.00000 1.49087 1.49087
1.32619 0.00000 1.32619 1.32619
1.09659 0.00000 1.09659 1.09659
0.59164 0.00000 0.59164 0.59164
1.00031 0.00000 1.00031 1.00031
0.89833 0.00000 0.89833 0.89833
1.62216 0.00000 1.62216 1.62216
1.20077 0.00000 1.20077 1.20077
0.00405 0.00000 0.00405 0.00405
0.21536 0.00000 0.21536 0.21536
0.78324 0.00000 0.78324 0.78324
