# avg	std	min	max
5.42966 0.00000 5.42966 5.42966
4.22773 0.00000 4.22773 4.22773
1.77166 0.00000 1.77166 1.77166
-0.00405 0.00000 -0.00405 -0.00405
1.06693 0.00000 1.06693 1.06693
0.63275 0.00000 0.63275 0.63275
1.21218 0.00000 1.21218 1.21218
8.72575 0.00000 8.72575 8.72575
8.65878 0.00000 8.65878 8.65878
4.13872 0.00000 4.13872 4.13872
3.11801 0.00000 3.11801 3.11801
3.87674 0.00000 3.87674 3.87674
3.85954 0.00000 3.85954 3.85954
4.00139 0.00000 4.00139 4.00139
3.36472 0.00000 3.36472 3.36472
4.82781 0.00000 4.82781 4.82781
4.31300 0.00000 4.31300 4.31300
4.00862 0.00000 4.00862 4.00862
5.22581 0.00000 5.22581 5.22581
3.06360 0.00000 3.06360 3.06360
