# avg	std	min	max
2.50365 0.00000 2.50365 2.50365
1.98078 0.00000 1.98078 1.98078
1.34800 0.00000 1.34800 1.34800
-0.02986 0.00000 -0.02986 -0.02986
0.70103 0.00000 0.70103 0.70103
0.17765 0.00000 0.17765 0.17765
0.66529 0.00000 0.66529 0.66529
0.90207 0.00000 0.90207 0.90207
2.11447 0.00000 2.11447 2.11447
1.08878 0.00000 1.08878 1.08878
0.60368 0.00000 0.60368 0.60368
1.86854 0.00000 1.86854 1.86854
1.52025 0.00000 1.52025 1.52025
2.27406 0.00000 2.27406 2.27406
1.15481 0.00000 1.15481 1.15481
2.13243 0.00000 2.13243 2.13243
2.20672 0.00000 2.20672 2.20672
0.45518 0.00000 0.45518 0.45518
0.46910 0.00000 0.46910 0.46910
2.50286 0.00000 2.50286 2.50286
