# avg	std	min	max
3.85075 0.00000 3.85075 3.85075
2.25244 0.00000 2.25244 2.25244
2.09240 0.00000 2.09240 2.09240
-0.01786 0.00000 -0.01786 -0.01786
1.32013 0.00000 1.32013 1.32013
0.95245 0.00000 0.95245 0.95245
1.46030 0.00000 1.46030 1.46030
1.42807 0.00000 1.42807 1.42807
7.45188 0.00000 7.45188 7.45188
2.14676 0.00000 2.14676 2.14676
1.34533 0.00000 1.34533 1.34533
1.67468 0.00000 1.67468 1.67468
0.47768 0.00000 0.47768 0.47768
3.09754 0.00000 3.09754 3.09754
2.49343 0.00000 2.49343 2.49343
3.49136 0.00000 3.49136 3.49136
2.82909 0.00000 2.82909 2.82909
1.63744 0.00000 1.63744 1.63744
2.19725 0.00000 2.19725 2.19725
2.26320 0.00000 2.26320 2.26320
