# avg	std	min	max
0.74371 0.00000 0.74371 0.74371
0.42151 0.00000 0.42151 0.42151
1.09781 0.00000 1.09781 1.09781
-0.01018 0.00000 -0.01018 -0.01018
0.50253 0.00000 0.50253 0.50253
0.10944 0.00000 0.10944 0.10944
0.95086 0.00000 0.95086 0.95086
0.65888 0.00000 0.65888 0.65888
-1.39773 0.00000 -1.39773 -1.39773
1.09345 0.00000 1.09345 1.09345
1.24597 0.00000 1.24597 1.24597
1.02984 0.00000 1.02984 1.02984
-0.71359 0.00000 -0.71359 -0.71359
1.32874 0.00000 1.32874 1.32874
0.66907 0.00000 0.66907 0.66907
0.75836 0.00000 0.75836 0.75836
0.05984 0.00000 0.05984 0.05984
0.52018 0.00000 0.52018 0.52018
-0.25639 0.00000 -0.25639 -0.25639
1.37525 0.00000 1.37525 1.37525
