# avg	std	min	max
4.99010 0.00000 4.99010 4.99010
3.25014 0.00000 3.25014 3.25014
2.48146 0.00000 2.48146 2.48146
-0.04257 0.00000 -0.04257 -0.04257
1.65934 0.00000 1.65934 1.65934
0.15308 0.00000 0.15308 0.15308
3.59743 0.00000 3.59743 3.59743
6.21355 0.00000 6.21355 6.21355
3.35121 0.00000 3.35121 3.35121
3.98561 0.00000 3.98561 3.98561
3.06059 0.00000 3.06059 3.06059
3.10383 0.00000 3.10383 3.10383
5.09392 0.00000 5.09392 5.09392
3.29555 0.00000 3.29555 3.29555
3.44709 0.00000 3.44709 3.44709
4.39726 0.00000 4.39726 4.39726
2.92042 0.00000 2.92042 2.92042
3.36212 0.00000 3.36212 3.36212
5.31814 0.00000 5.31814 5.31814
4.20590 0.00000 4.20590 4.20590
