# avg	std	min	max
5.87165 0.00000 5.87165 5.87165
4.32565 0.00000 4.32565 4.32565
2.02963 0.00000 2.02963 2.02963
-0.02769 0.00000 -0.02769 -0.02769
0.57605 0.00000 0.57605 0.57605
0.02402 0.00000 0.02402 0.02402
2.30749 0.00000 2.30749 2.30749
12.21647 0.00000 12.21647 12.21647
6.82023 0.00000 6.82023 6.82023
4.78514 0.00000 4.78514 4.78514
3.07495 0.00000 3.07495 3.07495
4.08889 0.00000 4.08889 4.08889
7.17423 0.00000 7.17423 7.17423
3.52850 0.00000 3.52850 3.52850
3.00058 0.00000 3.00058 3.00058
5.45769 0.00000 5.45769 5.45769
4.80053 0.00000 4.80053 4.80053
5.11174 0.00000 5.11174 5.11174
7.45380 0.00000 7.45380 7.45380
3.38103 0.00000 3.38103 3.38103
