# avg	std	min	max
5.01410 0.00000 5.01410 5.01410
3.40135 0.00000 3.40135 3.40135
1.89788 0.00000 1.89788 1.89788
-0.03874 0.00000 -0.03874 -0.03874
0.62091 0.00000 0.62091 0.62091
0.34648 0.00000 0.34648 0.34648
1.30752 0.00000 1.30752 1.30752
9.24888 0.00000 9.24888 9.24888
7.13598 0.00000 7.13598 7.13598
4.22384 0.00000 4.22384 4.22384
3.75229 0.00000 3.75229 3.75229
3.41550 0.00000 3.41550 3.41550
3.54555 0.00000 3.54555 3.54555
3.03237 0.00000 3.03237 3.03237
3.38486 0.00000 3.38486 3.38486
3.93257 0.00000 3.93257 3.93257
3.59632 0.00000 3.59632 3.59632
4.31749 0.00000 4.31749 4.31749
7.32284 0.00000 7.32284 7.32284
3.24336 0.00000 3.24336 3.24336
