# avg	std	min	max
5.64964 0.00000 5.64964 5.64964
3.61784 0.00000 3.61784 3.61784
3.88600 0.00000 3.88600 3.88600
-0.01491 0.00000 -0.01491 -0.01491
2.66338 0.00000 2.66338 2.66338
0.09062 0.00000 0.09062 0.09062
6.63338 0.00000 6.63338 6.63338
9.26263 0.00000 9.26263 9.26263
11.57190 0.00000 11.57190 11.57190
4.06248 0.00000 4.06248 4.06248
4.80704 0.00000 4.80704 4.80704
3.71735 0.00000 3.71735 3.71735
14.09714 0.00000 14.09714 14.09714
3.22643 0.00000 3.22643 3.22643
3.02345 0.00000 3.02345 3.02345
5.06308 0.00000 5.06308 5.06308
4.09285 0.00000 4.09285 4.09285
4.14363 0.00000 4.14363 4.14363
6.88617 0.00000 6.88617 6.88617
5.31065 0.00000 5.31065 5.31065
