# avg	std	min	max
2.69705 0.00000 2.69705 2.69705
1.86720 0.00000 1.86720 1.86720
2.24075 0.00000 2.24075 2.24075
-0.00714 0.00000 -0.00714 -0.00714
1.58496 0.00000 1.58496 1.58496
-0.18338 0.00000 -0.18338 -0.18338
0.24958 0.00000 0.24958 0.24958
1.30142 0.00000 1.30142 1.30142
1.00523 0.00000 1.00523 1.00523
2.46531 0.00000 2.46531 2.46531
1.95699 0.00000 1.95699 1.95699
2.02856 0.00000 2.02856 2.02856
0.44238 0.00000 0.44238 0.44238
2.41319 0.00000 2.41319 2.41319
2.13186 0.00000 2.13186 2.13186
3.39051 0.00000 3.39051 3.39051
2.70832 0.00000 2.70832 2.70832
1.20897 0.00000 1.20897 1.20897
1.06934 0.00000 1.06934 1.06934
1.98067 0.00000 1.98067 1.98067
