# avg	std	min	max
2.21191 0.00000 2.21191 2.21191
0.82746 0.00000 0.82746 0.82746
1.43805 0.00000 1.43805 1.43805
-0.00650 0.00000 -0.00650 -0.00650
0.81717 0.00000 0.81717 0.81717
0.11634 0.00000 0.11634 0.11634
0.06019 0.00000 0.06019 0.06019
1.09574 0.00000 1.09574 1.09574
5.01907 0.00000 5.01907 5.01907
1.55802 0.00000 1.55802 1.55802
2.53571 0.00000 2.53571 2.53571
1.29945 0.00000 1.29945 1.29945
0.38121 0.00000 0.38121 0.38121
0.81455 0.00000 0.81455 0.81455
0.89508 0.00000 0.89508 0.89508
2.62873 0.00000 2.62873 2.62873
1.61351 0.00000 1.61351 1.61351
-0.37301 0.00000 -0.37301 -0.37301
0.09859 0.00000 0.09859 0.09859
-0.30271 0.00000 -0.30271 -0.30271
