# avg	std	min	max
5.56961 0.00000 5.56961 5.56961
4.24505 0.00000 4.24505 4.24505
2.20688 0.00000 2.20688 2.20688
-0.01267 0.00000 -0.01267 -0.01267
1.19300 0.00000 1.19300 1.19300
1.78461 0.00000 1.78461 1.78461
3.32670 0.00000 3.32670 3.32670
7.16362 0.00000 7.16362 7.16362
4.33011 0.00000 4.33011 4.33011
5.18134 0.00000 5.18134 5.18134
3.40294 0.00000 3.40294 3.40294
3.50213 0.00000 3.50213 3.50213
8.33759 0.00000 8.33759 8.33759
3.37875 0.00000 3.37875 3.37875
3.97519 0.00000 3.97519 3.97519
6.68241 0.00000 6.68241 6.68241
5.79110 0.00000 5.79110 5.79110
4.28551 0.00000 4.28551 4.28551
4.58163 0.00000 4.58163 4.58163
5.81036 0.00000 5.81036 5.81036
