# avg	std	min	max
3.76499 0.00000 3.76499 3.76499
2.88115 0.00000 2.88115 2.88115
2.41604 0.00000 2.41604 2.41604
-0.00436 0.00000 -0.00436 -0.00436
1.07222 0.00000 1.07222 1.07222
-0.24367 0.00000 -0.24367 -0.24367
1.82240 0.00000 1.82240 1.82240
3.05244 0.00000 3.05244 3.05244
7.74128 0.00000 7.74128 7.74128
3.57862 0.00000 3.57862 3.57862
4.47185 0.00000 4.47185 4.47185
2.49326 0.00000 2.49326 2.49326
2.11656 0.00000 2.11656 2.11656
2.37248 0.00000 2.37248 2.37248
1.65958 0.00000 1.65958 1.65958
4.73758 0.00000 4.73758 4.73758
3.30033 0.00000 3.30033 3.30033
1.19405 0.00000 1.19405 1.19405
1.44361 0.00000 1.44361 1.44361
2.59389 0.00000 2.59389 2.59389
