# avg	std	min	max
0.65923 0.00000 0.65923 0.65923
0.34988 0.00000 0.34988 0.34988
0.85247 0.00000 0.85247 0.85247
0.00951 0.00000 0.00951 0.00951
0.48645 0.00000 0.48645 0.48645
-0.50300 0.00000 -0.50300 -0.50300
-0.20113 0.00000 -0.20113 -0.20113
0.16010 0.00000 0.16010 0.16010
3.25704 0.00000 3.25704 3.25704
0.19283 0.00000 0.19283 0.19283
0.96667 0.00000 0.96667 0.96667
0.79284 0.00000 0.79284 0.79284
0.04180 0.00000 0.04180 0.04180
0.49164 0.00000 0.49164 0.49164
0.27559 0.00000 0.27559 0.27559
0.79676 0.00000 0.79676 0.79676
0.40664 0.00000 0.40664 0.40664
0.05001 0.00000 0.05001 0.05001
-0.06628 0.00000 -0.06628 -0.06628
0.70320 0.00000 0.70320 0.70320
