# avg	std	min	max
3.55523 0.00000 3.55523 3.55523
4.01943 0.00000 4.01943 4.01943
4.18645 0.00000 4.18645 4.18645
-0.00539 0.00000 -0.00539 -0.00539
2.82843 0.00000 2.82843 2.82843
-0.00150 0.00000 -0.00150 -0.00150
6.39125 0.00000 6.39125 6.39125
11.77118 0.00000 11.77118 11.77118
6.30245 0.00000 6.30245 6.30245
4.45546 0.00000 4.45546 4.45546
6.23460 0.00000 6.23460 6.23460
2.61669 0.00000 2.61669 2.61669
12.73700 0.00000 12.73700 12.73700
3.65699 0.00000 3.65699 3.65699
2.96677 0.00000 2.96677 2.96677
5.27162 0.00000 5.27162 5.27162
4.50555 0.00000 4.50555 4.50555
3.79070 0.00000 3.79070 3.79070
10.49146 0.00000 10.49146 10.49146
3.82920 0.00000 3.82920 3.82920
