# avg	std	min	max
1.19591 0.00000 1.19591 1.19591
0.91923 0.00000 0.91923 0.91923
3.13918 0.00000 3.13918 3.13918
-0.00446 0.00000 -0.00446 -0.00446
3.76280 0.00000 3.76280 3.76280
0.26071 0.00000 0.26071 0.26071
-0.27736 0.00000 -0.27736 -0.27736
1.82777 0.00000 1.82777 1.82777
7.67341 0.00000 7.67341 7.67341
2.02643 0.00000 2.02643 2.02643
3.16541 0.00000 3.16541 3.16541
0.74394 0.00000 0.74394 0.74394
-0.28475 0.00000 -0.28475 -0.28475
0.86026 0.00000 0.86026 0.86026
1.12161 0.00000 1.12161 1.12161
1.96875 0.00000 1.96875 1.96875
1.89852 0.00000 1.89852 1.89852
0.28249 0.00000 0.28249 0.28249
-0.23026 0.00000 -0.23026 -0.23026
1.03102 0.00000 1.03102 1.03102
