# avg	std	min	max
4.96667 0.00000 4.96667 4.96667
3.20491 0.00000 3.20491 3.20491
3.14280 0.00000 3.14280 3.14280
-0.01413 0.00000 -0.01413 -0.01413
3.88684 0.00000 3.88684 3.88684
0.59275 0.00000 0.59275 0.59275
4.78421 0.00000 4.78421 4.78421
11.31232 0.00000 11.31232 11.31232
4.10484 0.00000 4.10484 4.10484
4.08373 0.00000 4.08373 4.08373
2.47245 0.00000 2.47245 2.47245
2.96989 0.00000 2.96989 2.96989
6.77268 0.00000 6.77268 6.77268
3.10280 0.00000 3.10280 3.10280
3.70489 0.00000 3.70489 3.70489
5.46979 0.00000 5.46979 5.46979
5.14196 0.00000 5.14196 5.14196
5.72375 0.00000 5.72375 5.72375
10.10603 0.00000 10.10603 10.10603
3.67602 0.00000 3.67602 3.67602
