# avg	std	min	max
6.07143 0.00000 6.07143 6.07143
4.13926 0.00000 4.13926 4.13926
3.47433 0.00000 3.47433 3.47433
-0.01950 0.00000 -0.01950 -0.01950
3.00203 0.00000 3.00203 3.00203
0.18469 0.00000 0.18469 0.18469
2.09296 0.00000 2.09296 2.09296
6.34841 0.00000 6.34841 6.34841
12.18952 0.00000 12.18952 12.18952
5.75544 0.00000 5.75544 5.75544
4.39965 0.00000 4.39965 4.39965
4.02216 0.00000 4.02216 4.02216
3.41002 0.00000 3.41002 3.41002
4.04531 0.00000 4.04531 4.04531
3.39977 0.00000 3.39977 3.39977
5.50740 0.00000 5.50740 5.50740
5.10481 0.00000 5.10481 5.10481
4.54862 0.00000 4.54862 4.54862
7.02765 0.00000 7.02765 7.02765
3.08052 0.00000 3.08052 3.08052
