# avg	std	min	max
5.60615 0.00000 5.60615 5.60615
3.46516 0.00000 3.46516 3.46516
3.76171 0.00000 3.76171 3.76171
0.00052 0.00000 0.00052 0.00052
3.25065 0.00000 3.25065 3.25065
1.14545 0.00000 1.14545 1.14545
4.44776 0.00000 4.44776 4.44776
16.65644 0.00000 16.65644 16.65644
11.24152 0.00000 11.24152 11.24152
4.82690 0.00000 4.82690 4.82690
3.04118 0.00000 3.04118 3.04118
3.94117 0.00000 3.94117 3.94117
11.55112 0.00000 11.55112 11.55112
4.45727 0.00000 4.45727 4.45727
4.81468 0.00000 4.81468 4.81468
5.57532 0.00000 5.57532 5.57532
5.18197 0.00000 5.18197 5.18197
5.52267 0.00000 5.52267 5.52267
9.39452 0.00000 9.39452 9.39452
5.67804 0.00000 5.67804 5.67804
