# avg	std	min	max
2.05593 0.00000 2.05593 2.05593
1.29033 0.00000 1.29033 1.29033
1.23513 0.00000 1.23513 1.23513
-0.03479 0.00000 -0.03479 -0.03479
0.40570 0.00000 0.40570 0.40570
-0.35658 0.00000 -0.35658 -0.35658
0.42156 0.00000 0.42156 0.42156
1.61696 0.00000 1.61696 1.61696
3.82222 0.00000 3.82222 3.82222
1.55096 0.00000 1.55096 1.55096
1.00521 0.00000 1.00521 1.00521
1.51134 0.00000 1.51134 1.51134
0.75823 0.00000 0.75823 0.75823
1.42571 0.00000 1.42571 1.42571
1.23740 0.00000 1.23740 1.23740
1.18695 0.00000 1.18695 1.18695
1.14064 0.00000 1.14064 1.14064
0.23216 0.00000 0.23216 0.23216
0.87661 0.00000 0.87661 0.87661
1.16615 0.00000 1.16615 1.16615
