# avg	std	min	max
2.36423 0.00000 2.36423 2.36423
0.95681 0.00000 0.95681 0.95681
1.48017 0.00000 1.48017 1.48017
-0.03921 0.00000 -0.03921 -0.03921
1.08699 0.00000 1.08699 1.08699
-0.45529 0.00000 -0.45529 -0.45529
0.37225 0.00000 0.37225 0.37225
-0.02007 0.00000 -0.02007 -0.02007
3.36187 0.00000 3.36187 3.36187
1.75812 0.00000 1.75812 1.75812
0.91813 0.00000 0.91813 0.91813
1.45225 0.00000 1.45225 1.45225
0.63977 0.00000 0.63977 0.63977
1.67690 0.00000 1.67690 1.67690
1.10019 0.00000 1.10019 1.10019
2.32000 0.00000 2.32000 2.32000
1.33904 0.00000 1.33904 1.33904
0.41642 0.00000 0.41642 0.41642
0.62526 0.00000 0.62526 0.62526
1.41419 0.00000 1.41419 1.41419
