# avg	std	min	max
5.88620 0.00000 5.88620 5.88620
4.44586 0.00000 4.44586 4.44586
1.18617 0.00000 1.18617 1.18617
-0.00736 0.00000 -0.00736 -0.00736
-0.07295 0.00000 -0.07295 -0.07295
0.44225 0.00000 0.44225 0.44225
3.86871 0.00000 3.86871 3.86871
16.00564 0.00000 16.00564 16.00564
4.66211 0.00000 4.66211 4.66211
5.47169 0.00000 5.47169 5.47169
3.32067 0.00000 3.32067 3.32067
3.64290 0.00000 3.64290 3.64290
8.18684 0.00000 8.18684 8.18684
4.47559 0.00000 4.47559 4.47559
4.03196 0.00000 4.03196 4.03196
6.03539 0.00000 6.03539 6.03539
5.34542 0.00000 5.34542 5.34542
4.40374 0.00000 4.40374 4.40374
6.73407 0.00000 6.73407 6.73407
5.07505 0.00000 5.07505 5.07505
