# avg	std	min	max
1.09724 0.00000 1.09724 1.09724
0.37361 0.00000 0.37361 0.37361
0.84713 0.00000 0.84713 0.84713
-0.00245 0.00000 -0.00245 -0.00245
0.41708 0.00000 0.41708 0.41708
-0.13899 0.00000 -0.13899 -0.13899
0.30645 0.00000 0.30645 0.30645
0.23781 0.00000 0.23781 0.23781
-0.49670 0.00000 -0.49670 -0.49670
0.07723 0.00000 0.07723 0.07723
0.05956 0.00000 0.05956 0.05956
0.67821 0.00000 0.67821 0.67821
0.42441 0.00000 0.42441 0.42441
0.73737 0.00000 0.73737 0.73737
0.24093 0.00000 0.24093 0.24093
0.85785 0.00000 0.85785 0.85785
0.51575 0.00000 0.51575 0.51575
0.00991 0.00000 0.00991 0.00991
0.13429 0.00000 0.13429 0.13429
0.67989 0.00000 0.67989 0.67989
