# avg	std	min	max
4.72847 0.00000 4.72847 4.72847
2.92997 0.00000 2.92997 2.92997
2.12750 0.00000 2.12750 2.12750
-0.00947 0.00000 -0.00947 -0.00947
1.23206 0.00000 1.23206 1.23206
-0.13103 0.00000 -0.13103 -0.13103
-0.21356 0.00000 -0.21356 -0.21356
6.23518 0.00000 6.23518 6.23518
5.54452 0.00000 5.54452 5.54452
3.24141 0.00000 3.24141 3.24141
2.55488 0.00000 2.55488 2.55488
2.59409 0.00000 2.59409 2.59409
0.83544 0.00000 0.83544 0.83544
2.34909 0.00000 2.34909 2.34909
2.63656 0.00000 2.63656 2.63656
4.80920 0.00000 4.80920 4.80920
4.50156 0.00000 4.50156 4.50156
3.19268 0.00000 3.19268 3.19268
5.33346 0.00000 5.33346 5.33346
1.33181 0.00000 1.33181 1.33181
