# avg	std	min	max
5.76256 0.00000 5.76256 5.76256
4.19977 0.00000 4.19977 4.19977
2.10809 0.00000 2.10809 2.10809
-0.01056 0.00000 -0.01056 -0.01056
0.58564 0.00000 0.58564 0.58564
0.02971 0.00000 0.02971 0.02971
11.16611 0.00000 11.16611 11.16611
15.31124 0.00000 15.31124 15.31124
13.23086 0.00000 13.23086 13.23086
4.40516 0.00000 4.40516 4.40516
4.12609 0.00000 4.12609 4.12609
3.30665 0.00000 3.30665 3.30665
15.69713 0.00000 15.69713 15.69713
3.16191 0.00000 3.16191 3.16191
3.54529 0.00000 3.54529 3.54529
5.63820 0.00000 5.63820 5.63820
4.55024 0.00000 4.55024 4.55024
4.32396 0.00000 4.32396 4.32396
6.70899 0.00000 6.70899 6.70899
8.47462 0.00000 8.47462 8.47462
