# avg	std	min	max
6.13066 0.00000 6.13066 6.13066
4.51189 0.00000 4.51189 4.51189
2.54612 0.00000 2.54612 2.54612
-0.01536 0.00000 -0.01536 -0.01536
2.07601 0.00000 2.07601 2.07601
0.32789 0.00000 0.32789 0.32789
1.19121 0.00000 1.19121 1.19121
8.90268 0.00000 8.90268 8.90268
3.95420 0.00000 3.95420 3.95420
4.85157 0.00000 4.85157 4.85157
3.01826 0.00000 3.01826 3.01826
3.75116 0.00000 3.75116 3.75116
3.26391 0.00000 3.26391 3.26391
4.67670 0.00000 4.67670 4.67670
2.98937 0.00000 2.98937 2.98937
6.32953 0.00000 6.32953 6.32953
5.56081 0.00000 5.56081 5.56081
3.36343 0.00000 3.36343 3.36343
6.26844 0.00000 6.26844 6.26844
3.12824 0.00000 3.12824 3.12824
