# avg	std	min	max
4.43742 0.00000 4.43742 4.43742
2.86167 0.00000 2.86167 2.86167
3.77354 0.00000 3.77354 3.77354
-0.00072 0.00000 -0.00072 -0.00072
3.81709 0.00000 3.81709 3.81709
0.11181 0.00000 0.11181 0.11181
1.08423 0.00000 1.08423 1.08423
7.46554 0.00000 7.46554 7.46554
6.06582 0.00000 6.06582 6.06582
3.76023 0.00000 3.76023 3.76023
3.71798 0.00000 3.71798 3.71798
2.91780 0.00000 2.91780 2.91780
2.21470 0.00000 2.21470 2.21470
3.15739 0.00000 3.15739 3.15739
3.76240 0.00000 3.76240 3.76240
5.06195 0.00000 5.06195 5.06195
3.90625 0.00000 3.90625 3.90625
3.22816 0.00000 3.22816 3.22816
4.94740 0.00000 4.94740 4.94740
3.19996 0.00000 3.19996 3.19996
