# avg	std	min	max
2.31457 0.00000 2.31457 2.31457
2.30050 0.00000 2.30050 2.30050
2.76647 0.00000 2.76647 2.76647
-0.00467 0.00000 -0.00467 -0.00467
1.58964 0.00000 1.58964 1.58964
-0.41409 0.00000 -0.41409 -0.41409
1.14093 0.00000 1.14093 1.14093
1.40564 0.00000 1.40564 1.40564
4.76040 0.00000 4.76040 4.76040
2.67505 0.00000 2.67505 2.67505
2.57957 0.00000 2.57957 2.57957
2.18177 0.00000 2.18177 2.18177
1.16844 0.00000 1.16844 1.16844
1.96733 0.00000 1.96733 1.96733
1.68228 0.00000 1.68228 1.68228
2.44647 0.00000 2.44647 2.44647
2.56631 0.00000 2.56631 2.56631
1.44401 0.00000 1.44401 1.44401
0.92212 0.00000 0.92212 0.92212
1.74529 0.00000 1.74529 1.74529
