# avg	std	min	max
4.77384 0.00000 4.77384 4.77384
3.64724 0.00000 3.64724 3.64724
3.21292 0.00000 3.21292 3.21292
0.00029 0.00000 0.00029 0.00029
1.89027 0.00000 1.89027 1.89027
0.26047 0.00000 0.26047 0.26047
7.98551 0.00000 7.98551 7.98551
13.56422 0.00000 13.56422 13.56422
6.51266 0.00000 6.51266 6.51266
4.26609 0.00000 4.26609 4.26609
4.27903 0.00000 4.27903 4.27903
3.58306 0.00000 3.58306 3.58306
13.32560 0.00000 13.32560 13.32560
2.85388 0.00000 2.85388 2.85388
3.12807 0.00000 3.12807 3.12807
4.89759 0.00000 4.89759 4.89759
4.32202 0.00000 4.32202 4.32202
3.12715 0.00000 3.12715 3.12715
5.85827 0.00000 5.85827 5.85827
3.96246 0.00000 3.96246 3.96246
