# avg	std	min	max
3.70748 0.00000 3.70748 3.70748
2.82631 0.00000 2.82631 2.82631
1.80822 0.00000 1.80822 1.80822
-0.03971 0.00000 -0.03971 -0.03971
2.55052 0.00000 2.55052 2.55052
1.16809 0.00000 1.16809 1.16809
2.26409 0.00000 2.26409 2.26409
11.16556 0.00000 11.16556 11.16556
3.85657 0.00000 3.85657 3.85657
2.71838 0.00000 2.71838 2.71838
1.85646 0.00000 1.85646 1.85646
2.14873 0.00000 2.14873 2.14873
6.96423 0.00000 6.96423 6.96423
2.90841 0.00000 2.90841 2.90841
4.30442 0.00000 4.30442 4.30442
3.95603 0.00000 3.95603 3.95603
5.13704 0.00000 5.13704 5.13704
4.23284 0.00000 4.23284 4.23284
9.31707 0.00000 9.31707 9.31707
4.94896 0.00000 4.94896 4.94896
