# avg	std	min	max
3.48261 0.00000 3.48261 3.48261
2.26337 0.00000 2.26337 2.26337
2.23407 0.00000 2.23407 2.23407
-0.01005 0.00000 -0.01005 -0.01005
1.38874 0.00000 1.38874 1.38874
0.43175 0.00000 0.43175 0.43175
1.94067 0.00000 1.94067 1.94067
1.96189 0.00000 1.96189 1.96189
4.80061 0.00000 4.80061 4.80061
2.63609 0.00000 2.63609 2.63609
1.63891 0.00000 1.63891 1.63891
2.44713 0.00000 2.44713 2.44713
3.02054 0.00000 3.02054 3.02054
1.93627 0.00000 1.93627 1.93627
2.11653 0.00000 2.11653 2.11653
3.13740 0.00000 3.13740 3.13740
2.62552 0.00000 2.62552 2.62552
1.40765 0.00000 1.40765 1.40765
1.60905 0.00000 1.60905 1.60905
3.23246 0.00000 3.23246 3.23246
