# avg	std	min	max
4.58805 0.00000 4.58805 4.58805
3.14264 0.00000 3.14264 3.14264
1.83680 0.00000 1.83680 1.83680
-0.00595 0.00000 -0.00595 -0.00595
0.60612 0.00000 0.60612 0.60612
0.19606 0.00000 0.19606 0.19606
4.90609 0.00000 4.90609 4.90609
10.37604 0.00000 10.37604 10.37604
7.44530 0.00000 7.44530 7.44530
4.56168 0.00000 4.56168 4.56168
3.77617 0.00000 3.77617 3.77617
3.16911 0.00000 3.16911 3.16911
7.64763 0.00000 7.64763 7.64763
3.08906 0.00000 3.08906 3.08906
2.58027 0.00000 2.58027 2.58027
4.95407 0.00000 4.95407 4.95407
3.20997 0.00000 3.20997 3.20997
3.83661 0.00000 3.83661 3.83661
8.31818 0.00000 8.31818 8.31818
4.27021 0.00000 4.27021 4.27021
