# avg	std	min	max
2.58460 0.00000 2.58460 2.58460
1.15430 0.00000 1.15430 1.15430
2.02096 0.00000 2.02096 2.02096
-0.01177 0.00000 -0.01177 -0.01177
1.94844 0.00000 1.94844 1.94844
0.57446 0.00000 0.57446 0.57446
2.15789 0.00000 2.15789 2.15789
9.96222 0.00000 9.96222 9.96222
9.15395 0.00000 9.15395 9.15395
2.09988 0.00000 2.09988 2.09988
2.94385 0.00000 2.94385 2.94385
1.42570 0.00000 1.42570 1.42570
3.18524 0.00000 3.18524 3.18524
1.43186 0.00000 1.43186 1.43186
1.11370 0.00000 1.11370 1.11370
1.74914 0.00000 1.74914 1.74914
2.66405 0.00000 2.66405 2.66405
0.74963 0.00000 0.74963 0.74963
3.15798 0.00000 3.15798 3.15798
3.88343 0.00000 3.88343 3.88343
