# avg	std	min	max
4.52031 0.00000 4.52031 4.52031
2.93325 0.00000 2.93325 2.93325
3.17166 0.00000 3.17166 3.17166
-0.00392 0.00000 -0.00392 -0.00392
2.26140 0.00000 2.26140 2.26140
-0.14630 0.00000 -0.14630 -0.14630
-0.67463 0.00000 -0.67463 -0.67463
-0.43997 0.00000 -0.43997 -0.43997
9.27827 0.00000 9.27827 9.27827
3.46727 0.00000 3.46727 3.46727
3.17992 0.00000 3.17992 3.17992
3.00032 0.00000 3.00032 3.00032
-0.21962 0.00000 -0.21962 -0.21962
3.60724 0.00000 3.60724 3.60724
2.64980 0.00000 2.64980 2.64980
4.04483 0.00000 4.04483 4.04483
3.07970 0.00000 3.07970 3.07970
2.07983 0.00000 2.07983 2.07983
1.89568 0.00000 1.89568 1.89568
2.33445 0.00000 2.33445 2.33445
