# avg	std	min	max
1.83793 0.00000 1.83793 1.83793
0.82637 0.00000 0.82637 0.82637
0.55012 0.00000 0.55012 0.55012
-0.04951 0.00000 -0.04951 -0.04951
-0.25860 0.00000 -0.25860 -0.25860
-0.27620 0.00000 -0.27620 -0.27620
0.45003 0.00000 0.45003 0.45003
0.51510 0.00000 0.51510 0.51510
3.95078 0.00000 3.95078 3.95078
1.39985 0.00000 1.39985 1.39985
1.10387 0.00000 1.10387 1.10387
1.53037 0.00000 1.53037 1.53037
0.61439 0.00000 0.61439 0.61439
1.11791 0.00000 1.11791 1.11791
0.43255 0.00000 0.43255 0.43255
2.00386 0.00000 2.00386 2.00386
1.45829 0.00000 1.45829 1.45829
0.34460 0.00000 0.34460 0.34460
0.12391 0.00000 0.12391 0.12391
0.62203 0.00000 0.62203 0.62203
