# avg	std	min	max
3.82731 0.00000 3.82731 3.82731
2.35028 0.00000 2.35028 2.35028
2.36366 0.00000 2.36366 2.36366
-0.00681 0.00000 -0.00681 -0.00681
1.11590 0.00000 1.11590 1.11590
-0.49010 0.00000 -0.49010 -0.49010
2.96855 0.00000 2.96855 2.96855
3.43534 0.00000 3.43534 3.43534
5.78644 0.00000 5.78644 5.78644
2.81898 0.00000 2.81898 2.81898
3.07348 0.00000 3.07348 3.07348
2.64024 0.00000 2.64024 2.64024
4.37225 0.00000 4.37225 4.37225
2.24746 0.00000 2.24746 2.24746
2.05190 0.00000 2.05190 2.05190
4.83862 0.00000 4.83862 4.83862
4.06020 0.00000 4.06020 4.06020
1.64950 0.00000 1.64950 1.64950
1.55239 0.00000 1.55239 1.55239
2.42529 0.00000 2.42529 2.42529
