# avg	std	min	max
6.27028 0.00000 6.27028 6.27028
4.26158 0.00000 4.26158 4.26158
3.09863 0.00000 3.09863 3.09863
-0.04440 0.00000 -0.04440 -0.04440
2.02075 0.00000 2.02075 2.02075
-0.15474 0.00000 -0.15474 -0.15474
1.37557 0.00000 1.37557 1.37557
8.55598 0.00000 8.55598 8.55598
5.88807 0.00000 5.88807 5.88807
5.33881 0.00000 5.33881 5.33881
4.89562 0.00000 4.89562 4.89562
3.33226 0.00000 3.33226 3.33226
2.92326 0.00000 2.92326 2.92326
3.96940 0.00000 3.96940 3.96940
3.92205 0.00000 3.92205 3.92205
5.70354 0.00000 5.70354 5.70354
5.47426 0.00000 5.47426 5.47426
4.51205 0.00000 4.51205 4.51205
6.39000 0.00000 6.39000 6.39000
3.70344 0.00000 3.70344 3.70344
