# avg	std	min	max
4.58427 0.00000 4.58427 4.58427
3.67076 0.00000 3.67076 3.67076
3.20022 0.00000 3.20022 3.20022
-0.02511 0.00000 -0.02511 -0.02511
2.29766 0.00000 2.29766 2.29766
0.43172 0.00000 0.43172 0.43172
6.03726 0.00000 6.03726 6.03726
14.02710 0.00000 14.02710 14.02710
5.96844 0.00000 5.96844 5.96844
4.63728 0.00000 4.63728 4.63728
4.48627 0.00000 4.48627 4.48627
3.83807 0.00000 3.83807 3.83807
11.93886 0.00000 11.93886 11.93886
3.06378 0.00000 3.06378 3.06378
3.02688 0.00000 3.02688 3.02688
6.18595 0.00000 6.18595 6.18595
6.42620 0.00000 6.42620 6.42620
3.77759 0.00000 3.77759 3.77759
8.31989 0.00000 8.31989 8.31989
4.43519 0.00000 4.43519 4.43519
