# avg	std	min	max
2.30933 0.00000 2.30933 2.30933
1.79458 0.00000 1.79458 1.79458
1.08702 0.00000 1.08702 1.08702
-0.00000 0.00000 -0.00000 -0.00000
0.16327 0.00000 0.16327 0.16327
0.00497 0.00000 0.00497 0.00497
0.53963 0.00000 0.53963 0.53963
0.99606 0.00000 0.99606 0.99606
4.13848 0.00000 4.13848 4.13848
1.88715 0.00000 1.88715 1.88715
1.47381 0.00000 1.47381 1.47381
1.51371 0.00000 1.51371 1.51371
0.51152 0.00000 0.51152 0.51152
1.72497 0.00000 1.72497 1.72497
0.74895 0.00000 0.74895 0.74895
2.22691 0.00000 2.22691 2.22691
1.43254 0.00000 1.43254 1.43254
0.75889 0.00000 0.75889 0.75889
0.80058 0.00000 0.80058 0.80058
1.03630 0.00000 1.03630 1.03630
