# avg	std	min	max
3.40693 0.00000 3.40693 3.40693
2.75069 0.00000 2.75069 2.75069
0.75320 0.00000 0.75320 0.75320
-0.01991 0.00000 -0.01991 -0.01991
1.19278 0.00000 1.19278 1.19278
0.22186 0.00000 0.22186 0.22186
4.64733 0.00000 4.64733 4.64733
4.48218 0.00000 4.48218 4.48218
3.06915 0.00000 3.06915 3.06915
3.33780 0.00000 3.33780 3.33780
1.61110 0.00000 1.61110 1.61110
1.55016 0.00000 1.55016 1.55016
4.48435 0.00000 4.48435 4.48435
1.87733 0.00000 1.87733 1.87733
2.65130 0.00000 2.65130 2.65130
3.68766 0.00000 3.68766 3.68766
3.93738 0.00000 3.93738 3.93738
2.18622 0.00000 2.18622 2.18622
4.27608 0.00000 4.27608 4.27608
2.59497 0.00000 2.59497 2.59497
