# avg	std	min	max
1.13744 0.00000 1.13744 1.13744
1.11121 0.00000 1.11121 1.11121
0.79036 0.00000 0.79036 0.79036
-0.00294 0.00000 -0.00294 -0.00294
0.01191 0.00000 0.01191 0.01191
0.25527 0.00000 0.25527 0.25527
0.00359 0.00000 0.00359 0.00359
1.48780 0.00000 1.48780 1.48780
1.17446 0.00000 1.17446 1.17446
1.55726 0.00000 1.55726 1.55726
1.33776 0.00000 1.33776 1.33776
0.85874 0.00000 0.85874 0.85874
-0.00873 0.00000 -0.00873 -0.00873
0.43989 0.00000 0.43989 0.43989
1.07492 0.00000 1.07492 1.07492
2.19806 0.00000 2.19806 2.19806
1.43025 0.00000 1.43025 1.43025
0.53683 0.00000 0.53683 0.53683
0.13452 0.00000 0.13452 0.13452
1.21119 0.00000 1.21119 1.21119
