# avg	std	min	max
5.83655 0.00000 5.83655 5.83655
4.07969 0.00000 4.07969 4.07969
4.41933 0.00000 4.41933 4.41933
-0.02578 0.00000 -0.02578 -0.02578
5.69140 0.00000 5.69140 5.69140
-0.18249 0.00000 -0.18249 -0.18249
5.45714 0.00000 5.45714 5.45714
11.02520 0.00000 11.02520 11.02520
8.45808 0.00000 8.45808 8.45808
4.57085 0.00000 4.57085 4.57085
4.10907 0.00000 4.10907 4.10907
3.82626 0.00000 3.82626 3.82626
10.52100 0.00000 10.52100 10.52100
3.46414 0.00000 3.46414 3.46414
3.58233 0.00000 3.58233 3.58233
5.26512 0.00000 5.26512 5.26512
4.64696 0.00000 4.64696 4.64696
4.66526 0.00000 4.66526 4.66526
5.79840 0.00000 5.79840 5.79840
4.53589 0.00000 4.53589 4.53589
