# avg	std	min	max
1.74976 0.00000 1.74976 1.74976
1.52895 0.00000 1.52895 1.52895
1.55396 0.00000 1.55396 1.55396
1.04990 0.00000 1.04990 1.04990
0.90210 0.00000 0.90210 0.90210
-0.00008 0.00000 -0.00008 -0.00008
1.36042 0.00000 1.36042 1.36042
1.35057 0.00000 1.35057 1.35057
1.34025 0.00000 1.34025 1.34025
2.28941 0.00000 2.28941 2.28941
1.69839 0.00000 1.69839 1.69839
2.07524 0.00000 2.07524 2.07524
1.49315 0.00000 1.49315 1.49315
1.53211 0.00000 1.53211 1.53211
1.75928 0.00000 1.75928 1.75928
2.70879 0.00000 2.70879 2.70879
2.36645 0.00000 2.36645 2.36645
0.81197 0.00000 0.81197 0.81197
0.04689 0.00000 0.04689 0.04689
1.66180 0.00000 1.66180 1.66180
