# avg	std	min	max
4.48646 0.00000 4.48646 4.48646
2.64810 0.00000 2.64810 2.64810
2.91423 0.00000 2.91423 2.91423
1.08813 0.00000 1.08813 1.08813
1.55127 0.00000 1.55127 1.55127
-0.01392 0.00000 -0.01392 -0.01392
9.12465 0.00000 9.12465 9.12465
19.60792 0.00000 19.60792 19.60792
6.46964 0.00000 6.46964 6.46964
3.18534 0.00000 3.18534 3.18534
3.73349 0.00000 3.73349 3.73349
2.68098 0.00000 2.68098 2.68098
12.74182 0.00000 12.74182 12.74182
2.33803 0.00000 2.33803 2.33803
2.86837 0.00000 2.86837 2.86837
4.11416 0.00000 4.11416 4.11416
4.58681 0.00000 4.58681 4.58681
3.58183 0.00000 3.58183 3.58183
6.96599 0.00000 6.96599 6.96599
6.09265 0.00000 6.09265 6.09265
