# avg	std	min	max
0.01417 0.00000 0.01417 0.01417
1.10429 0.00000 1.10429 1.10429
2.13096 0.00000 2.13096 2.13096
0.02017 0.00000 0.02017 0.02017
2.18494 0.00000 2.18494 2.18494
0.00680 0.00000 0.00680 0.00680
0.06821 0.00000 0.06821 0.06821
0.49641 0.00000 0.49641 0.49641
4.81563 0.00000 4.81563 4.81563
1.38246 0.00000 1.38246 1.38246
1.57669 0.00000 1.57669 1.57669
0.60435 0.00000 0.60435 0.60435
-0.28268 0.00000 -0.28268 -0.28268
0.53662 0.00000 0.53662 0.53662
0.45389 0.00000 0.45389 0.45389
1.31506 0.00000 1.31506 1.31506
0.94700 0.00000 0.94700 0.94700
-0.12904 0.00000 -0.12904 -0.12904
0.23743 0.00000 0.23743 0.23743
0.86661 0.00000 0.86661 0.86661
