# avg	std	min	max
4.38371 0.00000 4.38371 4.38371
2.37772 0.00000 2.37772 2.37772
1.93483 0.00000 1.93483 1.93483
0.08099 0.00000 0.08099 0.08099
1.39396 0.00000 1.39396 1.39396
-0.09694 0.00000 -0.09694 -0.09694
0.80004 0.00000 0.80004 0.80004
0.13445 0.00000 0.13445 0.13445
6.54493 0.00000 6.54493 6.54493
3.10055 0.00000 3.10055 3.10055
1.87215 0.00000 1.87215 1.87215
2.76599 0.00000 2.76599 2.76599
0.58318 0.00000 0.58318 0.58318
2.63940 0.00000 2.63940 2.63940
1.91917 0.00000 1.91917 1.91917
4.56591 0.00000 4.56591 4.56591
3.23208 0.00000 3.23208 3.23208
0.86413 0.00000 0.86413 0.86413
0.89196 0.00000 0.89196 0.89196
1.58631 0.00000 1.58631 1.58631
