# avg	std	min	max
3.13180 0.00000 3.13180 3.13180
1.84065 0.00000 1.84065 1.84065
2.11568 0.00000 2.11568 2.11568
2.33396 0.00000 2.33396 2.33396
3.05973 0.00000 3.05973 3.05973
-0.01132 0.00000 -0.01132 -0.01132
15.98708 0.00000 15.98708 15.98708
23.12954 0.00000 23.12954 23.12954
5.15623 0.00000 5.15623 5.15623
2.60129 0.00000 2.60129 2.60129
1.96835 0.00000 1.96835 1.96835
1.64030 0.00000 1.64030 1.64030
21.46922 0.00000 21.46922 21.46922
3.69429 0.00000 3.69429 3.69429
2.44330 0.00000 2.44330 2.44330
6.26456 0.00000 6.26456 6.26456
4.63257 0.00000 4.63257 4.63257
4.48783 0.00000 4.48783 4.48783
5.24915 0.00000 5.24915 5.24915
14.76588 0.00000 14.76588 14.76588
