# avg	std	min	max
3.89759 0.00000 3.89759 3.89759
2.55497 0.00000 2.55497 2.55497
1.97483 0.00000 1.97483 1.97483
0.07544 0.00000 0.07544 0.07544
1.95732 0.00000 1.95732 1.95732
-0.01320 0.00000 -0.01320 -0.01320
0.50926 0.00000 0.50926 0.50926
7.60368 0.00000 7.60368 7.60368
4.14017 0.00000 4.14017 4.14017
3.87568 0.00000 3.87568 3.87568
2.84535 0.00000 2.84535 2.84535
2.21990 0.00000 2.21990 2.21990
8.58380 0.00000 8.58380 8.58380
2.65835 0.00000 2.65835 2.65835
3.02223 0.00000 3.02223 3.02223
5.18382 0.00000 5.18382 5.18382
5.46229 0.00000 5.46229 5.46229
1.53463 0.00000 1.53463 1.53463
2.64778 0.00000 2.64778 2.64778
3.06177 0.00000 3.06177 3.06177
