# avg	std	min	max
1.27565 0.00000 1.27565 1.27565
0.48978 0.00000 0.48978 0.48978
0.65912 0.00000 0.65912 0.65912
-0.28354 0.00000 -0.28354 -0.28354
0.40611 0.00000 0.40611 0.40611
-0.00263 0.00000 -0.00263 -0.00263
0.36426 0.00000 0.36426 0.36426
0.83465 0.00000 0.83465 0.83465
-1.33616 0.00000 -1.33616 -1.33616
0.88850 0.00000 0.88850 0.88850
1.48510 0.00000 1.48510 1.48510
1.16181 0.00000 1.16181 1.16181
0.51231 0.00000 0.51231 0.51231
0.55370 0.00000 0.55370 0.55370
0.21633 0.00000 0.21633 0.21633
0.76244 0.00000 0.76244 0.76244
0.59158 0.00000 0.59158 0.59158
-0.31996 0.00000 -0.31996 -0.31996
-0.06098 0.00000 -0.06098 -0.06098
0.90110 0.00000 0.90110 0.90110
