# avg	std	min	max
5.41830 0.00000 5.41830 5.41830
3.58001 0.00000 3.58001 3.58001
1.44511 0.00000 1.44511 1.44511
0.08915 0.00000 0.08915 0.08915
1.48812 0.00000 1.48812 1.48812
0.00319 0.00000 0.00319 0.00319
1.20072 0.00000 1.20072 1.20072
7.17683 0.00000 7.17683 7.17683
7.57861 0.00000 7.57861 7.57861
3.95225 0.00000 3.95225 3.95225
3.36963 0.00000 3.36963 3.36963
2.58484 0.00000 2.58484 2.58484
2.12077 0.00000 2.12077 2.12077
3.13765 0.00000 3.13765 3.13765
3.44718 0.00000 3.44718 3.44718
4.34593 0.00000 4.34593 4.34593
3.99513 0.00000 3.99513 3.99513
3.13920 0.00000 3.13920 3.13920
6.32005 0.00000 6.32005 6.32005
1.78460 0.00000 1.78460 1.78460
