# avg	std	min	max
2.33128 0.00000 2.33128 2.33128
1.83208 0.00000 1.83208 1.83208
1.31218 0.00000 1.31218 1.31218
0.54412 0.00000 0.54412 0.54412
0.71649 0.00000 0.71649 0.71649
-0.00468 0.00000 -0.00468 -0.00468
0.22340 0.00000 0.22340 0.22340
1.10554 0.00000 1.10554 1.10554
2.47132 0.00000 2.47132 2.47132
1.49827 0.00000 1.49827 1.49827
1.35298 0.00000 1.35298 1.35298
0.79472 0.00000 0.79472 0.79472
0.92722 0.00000 0.92722 0.92722
1.29796 0.00000 1.29796 1.29796
1.64689 0.00000 1.64689 1.64689
1.74275 0.00000 1.74275 1.74275
1.36130 0.00000 1.36130 1.36130
1.41656 0.00000 1.41656 1.41656
0.91254 0.00000 0.91254 0.91254
1.50403 0.00000 1.50403 1.50403
