# avg	std	min	max
4.67395 0.00000 4.67395 4.67395
2.78604 0.00000 2.78604 2.78604
2.49331 0.00000 2.49331 2.49331
-0.30744 0.00000 -0.30744 -0.30744
2.43639 0.00000 2.43639 2.43639
-0.03826 0.00000 -0.03826 -0.03826
5.15601 0.00000 5.15601 5.15601
12.23484 0.00000 12.23484 12.23484
10.30558 0.00000 10.30558 10.30558
4.03249 0.00000 4.03249 4.03249
2.28923 0.00000 2.28923 2.28923
3.22440 0.00000 3.22440 3.22440
7.89051 0.00000 7.89051 7.89051
4.10721 0.00000 4.10721 4.10721
2.13560 0.00000 2.13560 2.13560
5.00195 0.00000 5.00195 5.00195
2.68674 0.00000 2.68674 2.68674
2.15131 0.00000 2.15131 2.15131
3.56635 0.00000 3.56635 3.56635
5.03235 0.00000 5.03235 5.03235
