# avg	std	min	max
2.95137 0.00000 2.95137 2.95137
1.44141 0.00000 1.44141 1.44141
0.30220 0.00000 0.30220 0.30220
-0.24886 0.00000 -0.24886 -0.24886
-0.47720 0.00000 -0.47720 -0.47720
0.52339 0.00000 0.52339 0.52339
5.86615 0.00000 5.86615 5.86615
6.87939 0.00000 6.87939 6.87939
-0.50361 0.00000 -0.50361 -0.50361
1.63660 0.00000 1.63660 1.63660
0.88799 0.00000 0.88799 0.88799
1.85717 0.00000 1.85717 1.85717
10.11941 0.00000 10.11941 10.11941
-0.00383 0.00000 -0.00383 -0.00383
1.63831 0.00000 1.63831 1.63831
2.05391 0.00000 2.05391 2.05391
1.91420 0.00000 1.91420 1.91420
1.49907 0.00000 1.49907 1.49907
1.92411 0.00000 1.92411 1.92411
4.52456 0.00000 4.52456 4.52456
