# avg	std	min	max
0.85152 0.00000 0.85152 0.85152
0.62127 0.00000 0.62127 0.62127
0.08785 0.00000 0.08785 0.08785
0.12099 0.00000 0.12099 0.12099
-0.06660 0.00000 -0.06660 -0.06660
-0.57948 0.00000 -0.57948 -0.57948
-0.21876 0.00000 -0.21876 -0.21876
-0.55670 0.00000 -0.55670 -0.55670
4.75886 0.00000 4.75886 4.75886
0.27100 0.00000 0.27100 0.27100
0.02258 0.00000 0.02258 0.02258
0.40946 0.00000 0.40946 0.40946
-0.04702 0.00000 -0.04702 -0.04702
0.00324 0.00000 0.00324 0.00324
-0.00126 0.00000 -0.00126 -0.00126
0.12544 0.00000 0.12544 0.12544
0.29719 0.00000 0.29719 0.29719
0.19085 0.00000 0.19085 0.19085
0.32037 0.00000 0.32037 0.32037
0.40394 0.00000 0.40394 0.40394
