# avg	std	min	max
0.60099 0.00000 0.60099 0.60099
0.59864 0.00000 0.59864 0.59864
-0.21719 0.00000 -0.21719 -0.21719
-0.56383 0.00000 -0.56383 -0.56383
-0.59373 0.00000 -0.59373 -0.59373
-0.49760 0.00000 -0.49760 -0.49760
-0.30191 0.00000 -0.30191 -0.30191
0.61565 0.00000 0.61565 0.61565
4.88986 0.00000 4.88986 4.88986
0.33703 0.00000 0.33703 0.33703
-0.13111 0.00000 -0.13111 -0.13111
-0.03290 0.00000 -0.03290 -0.03290
0.22123 0.00000 0.22123 0.22123
-0.00499 0.00000 -0.00499 -0.00499
-0.23364 0.00000 -0.23364 -0.23364
0.31069 0.00000 0.31069 0.31069
0.38270 0.00000 0.38270 0.38270
-0.42101 0.00000 -0.42101 -0.42101
-0.36638 0.00000 -0.36638 -0.36638
-0.06600 0.00000 -0.06600 -0.06600
