# avg	std	min	max
1.31473 0.00000 1.31473 1.31473
0.73808 0.00000 0.73808 0.73808
-0.05165 0.00000 -0.05165 -0.05165
0.66991 0.00000 0.66991 0.66991
-0.47627 0.00000 -0.47627 -0.47627
-0.91601 0.00000 -0.91601 -0.91601
1.20509 0.00000 1.20509 1.20509
1.17757 0.00000 1.17757 1.17757
4.72626 0.00000 4.72626 4.72626
1.75234 0.00000 1.75234 1.75234
1.06822 0.00000 1.06822 1.06822
0.61770 0.00000 0.61770 0.61770
0.84487 0.00000 0.84487 0.84487
-0.00451 0.00000 -0.00451 -0.00451
0.66336 0.00000 0.66336 0.66336
1.21729 0.00000 1.21729 1.21729
1.32919 0.00000 1.32919 1.32919
-0.18051 0.00000 -0.18051 -0.18051
0.01592 0.00000 0.01592 0.01592
2.20985 0.00000 2.20985 2.20985
