# avg	std	min	max
-0.22823 0.00000 -0.22823 -0.22823
-0.34877 0.00000 -0.34877 -0.34877
0.88063 0.00000 0.88063 0.88063
-0.81966 0.00000 -0.81966 -0.81966
0.00832 0.00000 0.00832 0.00832
-1.25523 0.00000 -1.25523 -1.25523
-0.92145 0.00000 -0.92145 -0.92145
-0.61905 0.00000 -0.61905 -0.61905
1.41906 0.00000 1.41906 1.41906
-0.01083 0.00000 -0.01083 -0.01083
1.13947 0.00000 1.13947 1.13947
0.10179 0.00000 0.10179 0.10179
-0.83381 0.00000 -0.83381 -0.83381
-0.02067 0.00000 -0.02067 -0.02067
-0.15966 0.00000 -0.15966 -0.15966
0.81830 0.00000 0.81830 0.81830
0.04335 0.00000 0.04335 0.04335
-1.13962 0.00000 -1.13962 -1.13962
-1.06494 0.00000 -1.06494 -1.06494
-0.35569 0.00000 -0.35569 -0.35569
