# avg	std	min	max
2.17677 0.00000 2.17677 2.17677
2.33529 0.00000 2.33529 2.33529
2.27794 0.00000 2.27794 2.27794
2.33522 0.00000 2.33522 2.33522
2.29233 0.00000 2.29233 2.29233
1.77745 0.00000 1.77745 1.77745
1.75638 0.00000 1.75638 1.75638
1.83030 0.00000 1.83030 1.83030
4.97576 0.00000 4.97576 4.97576
1.05827 0.00000 1.05827 1.05827
1.97028 0.00000 1.97028 1.97028
2.42994 0.00000 2.42994 2.42994
1.82469 0.00000 1.82469 1.82469
-0.01071 0.00000 -0.01071 -0.01071
1.77713 0.00000 1.77713 1.77713
1.48692 0.00000 1.48692 1.48692
2.24103 0.00000 2.24103 2.24103
1.64787 0.00000 1.64787 1.64787
1.79167 0.00000 1.79167 1.79167
1.98860 0.00000 1.98860 1.98860
