# avg	std	min	max
-0.28262 0.00000 -0.28262 -0.28262
-0.18486 0.00000 -0.18486 -0.18486
-0.45884 0.00000 -0.45884 -0.45884
-1.52422 0.00000 -1.52422 -1.52422
-0.63993 0.00000 -0.63993 -0.63993
-0.66425 0.00000 -0.66425 -0.66425
2.58190 0.00000 2.58190 2.58190
5.34396 0.00000 5.34396 5.34396
2.18300 0.00000 2.18300 2.18300
-0.42341 0.00000 -0.42341 -0.42341
-1.24799 0.00000 -1.24799 -1.24799
0.56446 0.00000 0.56446 0.56446
3.20202 0.00000 3.20202 3.20202
-0.01790 0.00000 -0.01790 -0.01790
0.63710 0.00000 0.63710 0.63710
2.81327 0.00000 2.81327 2.81327
2.12534 0.00000 2.12534 2.12534
-0.71987 0.00000 -0.71987 -0.71987
-0.71076 0.00000 -0.71076 -0.71076
2.48387 0.00000 2.48387 2.48387
