# avg	std	min	max
2.26256 0.00000 2.26256 2.26256
0.64181 0.00000 0.64181 0.64181
1.10753 0.00000 1.10753 1.10753
-0.28100 0.00000 -0.28100 -0.28100
1.70885 0.00000 1.70885 1.70885
-0.06116 0.00000 -0.06116 -0.06116
-0.18229 0.00000 -0.18229 -0.18229
-1.45389 0.00000 -1.45389 -1.45389
7.80499 0.00000 7.80499 7.80499
1.68750 0.00000 1.68750 1.68750
1.99741 0.00000 1.99741 1.99741
1.28796 0.00000 1.28796 1.28796
-0.09786 0.00000 -0.09786 -0.09786
-0.01690 0.00000 -0.01690 -0.01690
0.19452 0.00000 0.19452 0.19452
2.42864 0.00000 2.42864 2.42864
1.29926 0.00000 1.29926 1.29926
-0.22505 0.00000 -0.22505 -0.22505
0.40954 0.00000 0.40954 0.40954
0.75365 0.00000 0.75365 0.75365
