# avg	std	min	max
0.96220 0.00000 0.96220 0.96220
0.12708 0.00000 0.12708 0.12708
0.30797 0.00000 0.30797 0.30797
-1.13486 0.00000 -1.13486 -1.13486
-0.50998 0.00000 -0.50998 -0.50998
-1.14905 0.00000 -1.14905 -1.14905
0.07083 0.00000 0.07083 0.07083
0.00611 0.00000 0.00611 0.00611
4.25818 0.00000 4.25818 4.25818
0.22178 0.00000 0.22178 0.22178
1.24010 0.00000 1.24010 1.24010
0.39284 0.00000 0.39284 0.39284
0.31091 0.00000 0.31091 0.31091
-0.02992 0.00000 -0.02992 -0.02992
-0.45339 0.00000 -0.45339 -0.45339
1.12015 0.00000 1.12015 1.12015
0.53396 0.00000 0.53396 0.53396
-0.69254 0.00000 -0.69254 -0.69254
-1.36120 0.00000 -1.36120 -1.36120
0.50994 0.00000 0.50994 0.50994
