# avg	std	min	max
0.30876 0.00000 0.30876 0.30876
-0.13820 0.00000 -0.13820 -0.13820
2.40365 0.00000 2.40365 2.40365
1.75201 0.00000 1.75201 1.75201
5.01893 0.00000 5.01893 5.01893
3.77379 0.00000 3.77379 3.77379
11.11636 0.00000 11.11636 11.11636
25.94902 0.00000 25.94902 25.94902
4.36535 0.00000 4.36535 4.36535
0.13594 0.00000 0.13594 0.13594
0.85170 0.00000 0.85170 0.85170
0.14279 0.00000 0.14279 0.14279
13.58742 0.00000 13.58742 13.58742
-0.00669 0.00000 -0.00669 -0.00669
7.29980 0.00000 7.29980 7.29980
2.25528 0.00000 2.25528 2.25528
6.73526 0.00000 6.73526 6.73526
8.91206 0.00000 8.91206 8.91206
12.29920 0.00000 12.29920 12.29920
8.77197 0.00000 8.77197 8.77197
