# avg	std	min	max
0.12017 0.00000 0.12017 0.12017
-0.67874 0.00000 -0.67874 -0.67874
-0.14508 0.00000 -0.14508 -0.14508
-0.87831 0.00000 -0.87831 -0.87831
-0.54163 0.00000 -0.54163 -0.54163
-1.41829 0.00000 -1.41829 -1.41829
-0.96409 0.00000 -0.96409 -0.96409
-1.48341 0.00000 -1.48341 -1.48341
3.65130 0.00000 3.65130 3.65130
0.05413 0.00000 0.05413 0.05413
0.14902 0.00000 0.14902 0.14902
0.14321 0.00000 0.14321 0.14321
-0.98146 0.00000 -0.98146 -0.98146
-0.05220 0.00000 -0.05220 -0.05220
-0.43439 0.00000 -0.43439 -0.43439
-0.23883 0.00000 -0.23883 -0.23883
-0.70262 0.00000 -0.70262 -0.70262
-0.90416 0.00000 -0.90416 -0.90416
-0.72986 0.00000 -0.72986 -0.72986
-0.18523 0.00000 -0.18523 -0.18523
