# avg	std	min	max
0.22143 0.00000 0.22143 0.22143
-0.41780 0.00000 -0.41780 -0.41780
-0.06197 0.00000 -0.06197 -0.06197
-1.03877 0.00000 -1.03877 -1.03877
-0.60771 0.00000 -0.60771 -0.60771
-1.19316 0.00000 -1.19316 -1.19316
-0.69398 0.00000 -0.69398 -0.69398
-1.06035 0.00000 -1.06035 -1.06035
2.61295 0.00000 2.61295 2.61295
0.19283 0.00000 0.19283 0.19283
0.27151 0.00000 0.27151 0.27151
0.19729 0.00000 0.19729 0.19729
-0.74234 0.00000 -0.74234 -0.74234
0.01271 0.00000 0.01271 0.01271
-0.69135 0.00000 -0.69135 -0.69135
0.03649 0.00000 0.03649 0.03649
-0.61704 0.00000 -0.61704 -0.61704
-0.92539 0.00000 -0.92539 -0.92539
-1.14719 0.00000 -1.14719 -1.14719
0.00140 0.00000 0.00140 0.00140
