# avg	std	min	max
2.37128 0.00000 2.37128 2.37128
1.46961 0.00000 1.46961 1.46961
1.08107 0.00000 1.08107 1.08107
-0.32394 0.00000 -0.32394 -0.32394
0.40088 0.00000 0.40088 0.40088
-0.64757 0.00000 -0.64757 -0.64757
-0.22067 0.00000 -0.22067 -0.22067
-0.12056 0.00000 -0.12056 -0.12056
4.71740 0.00000 4.71740 4.71740
2.13420 0.00000 2.13420 2.13420
1.24741 0.00000 1.24741 1.24741
1.70417 0.00000 1.70417 1.70417
-0.01993 0.00000 -0.01993 -0.01993
0.00793 0.00000 0.00793 0.00793
0.88848 0.00000 0.88848 0.88848
1.93932 0.00000 1.93932 1.93932
0.91926 0.00000 0.91926 0.91926
0.38959 0.00000 0.38959 0.38959
0.43124 0.00000 0.43124 0.43124
1.17626 0.00000 1.17626 1.17626
