# avg	std	min	max
1.71356 0.00000 1.71356 1.71356
1.29127 0.00000 1.29127 1.29127
2.52183 0.00000 2.52183 2.52183
0.75142 0.00000 0.75142 0.75142
2.06817 0.00000 2.06817 2.06817
0.50238 0.00000 0.50238 0.50238
1.28498 0.00000 1.28498 1.28498
1.42616 0.00000 1.42616 1.42616
1.25098 0.00000 1.25098 1.25098
1.52052 0.00000 1.52052 1.52052
2.50514 0.00000 2.50514 2.50514
1.36675 0.00000 1.36675 1.36675
1.33856 0.00000 1.33856 1.33856
0.00128 0.00000 0.00128 0.00128
0.90022 0.00000 0.90022 0.90022
1.48337 0.00000 1.48337 1.48337
1.75033 0.00000 1.75033 1.75033
-0.42566 0.00000 -0.42566 -0.42566
-0.30165 0.00000 -0.30165 -0.30165
1.85009 0.00000 1.85009 1.85009
