# avg	std	min	max
1.67826 0.00000 1.67826 1.67826
0.83615 0.00000 0.83615 0.83615
1.04721 0.00000 1.04721 1.04721
-0.36612 0.00000 -0.36612 -0.36612
0.15938 0.00000 0.15938 0.15938
0.39866 0.00000 0.39866 0.39866
0.20792 0.00000 0.20792 0.20792
0.92161 0.00000 0.92161 0.92161
4.03884 0.00000 4.03884 4.03884
0.84306 0.00000 0.84306 0.84306
1.34888 0.00000 1.34888 1.34888
1.27326 0.00000 1.27326 1.27326
0.13386 0.00000 0.13386 0.13386
-0.00517 0.00000 -0.00517 -0.00517
0.55945 0.00000 0.55945 0.55945
2.11681 0.00000 2.11681 2.11681
0.83232 0.00000 0.83232 0.83232
0.06113 0.00000 0.06113 0.06113
0.37529 0.00000 0.37529 0.37529
0.83400 0.00000 0.83400 0.83400
