# avg	std	min	max
2.47424 0.00000 2.47424 2.47424
1.92824 0.00000 1.92824 1.92824
2.20145 0.00000 2.20145 2.20145
1.95103 0.00000 1.95103 1.95103
1.78135 0.00000 1.78135 1.78135
1.65986 0.00000 1.65986 1.65986
2.12415 0.00000 2.12415 2.12415
2.03455 0.00000 2.03455 2.03455
-0.00298 0.00000 -0.00298 -0.00298
2.31466 0.00000 2.31466 2.31466
2.28706 0.00000 2.28706 2.28706
2.37208 0.00000 2.37208 2.37208
2.09735 0.00000 2.09735 2.09735
2.47001 0.00000 2.47001 2.47001
1.61389 0.00000 1.61389 1.61389
1.72660 0.00000 1.72660 1.72660
1.72216 0.00000 1.72216 1.72216
1.97069 0.00000 1.97069 1.97069
1.99341 0.00000 1.99341 1.99341
2.53676 0.00000 2.53676 2.53676
