# avg	std	min	max
1.76813 0.00000 1.76813 1.76813
0.86651 0.00000 0.86651 0.86651
1.31838 0.00000 1.31838 1.31838
1.30167 0.00000 1.30167 1.30167
3.15805 0.00000 3.15805 3.15805
1.22293 0.00000 1.22293 1.22293
3.03003 0.00000 3.03003 3.03003
1.71250 0.00000 1.71250 1.71250
-0.00114 0.00000 -0.00114 -0.00114
1.83488 0.00000 1.83488 1.83488
2.27028 0.00000 2.27028 2.27028
1.22450 0.00000 1.22450 1.22450
2.85142 0.00000 2.85142 2.85142
2.43341 0.00000 2.43341 2.43341
2.04377 0.00000 2.04377 2.04377
3.28278 0.00000 3.28278 3.28278
2.27124 0.00000 2.27124 2.27124
0.76145 0.00000 0.76145 0.76145
2.84682 0.00000 2.84682 2.84682
3.67459 0.00000 3.67459 3.67459
