# avg	std	min	max
2.43160 0.00000 2.43160 2.43160
1.45498 0.00000 1.45498 1.45498
2.42862 0.00000 2.42862 2.42862
1.15453 0.00000 1.15453 1.15453
2.67263 0.00000 2.67263 2.67263
0.93554 0.00000 0.93554 0.93554
1.34135 0.00000 1.34135 1.34135
1.44935 0.00000 1.44935 1.44935
0.00713 0.00000 0.00713 0.00713
2.02570 0.00000 2.02570 2.02570
2.98884 0.00000 2.98884 2.98884
2.02078 0.00000 2.02078 2.02078
1.39605 0.00000 1.39605 1.39605
1.54397 0.00000 1.54397 1.54397
1.44634 0.00000 1.44634 1.44634
1.90892 0.00000 1.90892 1.90892
1.03968 0.00000 1.03968 1.03968
1.22883 0.00000 1.22883 1.22883
1.37431 0.00000 1.37431 1.37431
1.67263 0.00000 1.67263 1.67263
