# avg	std	min	max
0.88026 0.00000 0.88026 0.88026
0.62937 0.00000 0.62937 0.62937
0.95769 0.00000 0.95769 0.95769
0.23329 0.00000 0.23329 0.23329
0.71840 0.00000 0.71840 0.71840
0.20827 0.00000 0.20827 0.20827
0.62306 0.00000 0.62306 0.62306
0.54881 0.00000 0.54881 0.54881
-0.00083 0.00000 -0.00083 -0.00083
0.91668 0.00000 0.91668 0.91668
0.94141 0.00000 0.94141 0.94141
0.70070 0.00000 0.70070 0.70070
0.67926 0.00000 0.67926 0.67926
0.60512 0.00000 0.60512 0.60512
0.51321 0.00000 0.51321 0.51321
0.29960 0.00000 0.29960 0.29960
0.45745 0.00000 0.45745 0.45745
0.30201 0.00000 0.30201 0.30201
0.36127 0.00000 0.36127 0.36127
0.97351 0.00000 0.97351 0.97351
