# avg	std	min	max
3.56266 0.00000 3.56266 3.56266
5.62564 0.00000 5.62564 5.62564
8.04697 0.00000 8.04697 8.04697
7.96350 0.00000 7.96350 7.96350
8.55264 0.00000 8.55264 8.55264
9.32627 0.00000 9.32627 9.32627
12.00174 0.00000 12.00174 12.00174
22.45666 0.00000 22.45666 22.45666
-0.21894 0.00000 -0.21894 -0.21894
6.68959 0.00000 6.68959 6.68959
8.99988 0.00000 8.99988 8.99988
5.24124 0.00000 5.24124 5.24124
16.44774 0.00000 16.44774 16.44774
7.03335 0.00000 7.03335 7.03335
12.13638 0.00000 12.13638 12.13638
7.91445 0.00000 7.91445 7.91445
12.26064 0.00000 12.26064 12.26064
13.54840 0.00000 13.54840 13.54840
20.60790 0.00000 20.60790 20.60790
17.82764 0.00000 17.82764 17.82764
