# avg	std	min	max
0.64130 0.00000 0.64130 0.64130
0.78786 0.00000 0.78786 0.78786
1.12899 0.00000 1.12899 1.12899
0.64933 0.00000 0.64933 0.64933
1.07931 0.00000 1.07931 1.07931
0.75612 0.00000 0.75612 0.75612
0.62576 0.00000 0.62576 0.62576
1.00882 0.00000 1.00882 1.00882
-0.00506 0.00000 -0.00506 -0.00506
0.82450 0.00000 0.82450 0.82450
1.11456 0.00000 1.11456 1.11456
0.92320 0.00000 0.92320 0.92320
0.61422 0.00000 0.61422 0.61422
0.77910 0.00000 0.77910 0.77910
0.71242 0.00000 0.71242 0.71242
0.29761 0.00000 0.29761 0.29761
0.41516 0.00000 0.41516 0.41516
0.87026 0.00000 0.87026 0.87026
0.93956 0.00000 0.93956 0.93956
1.12014 0.00000 1.12014 1.12014
