# avg	std	min	max
4.23870 0.00000 4.23870 4.23870
2.99538 0.00000 2.99538 2.99538
5.57209 0.00000 5.57209 5.57209
4.77328 0.00000 4.77328 4.77328
6.24565 0.00000 6.24565 6.24565
5.26317 0.00000 5.26317 5.26317
8.41711 0.00000 8.41711 8.41711
10.28365 0.00000 10.28365 10.28365
-0.00153 0.00000 -0.00153 -0.00153
4.44878 0.00000 4.44878 4.44878
5.90756 0.00000 5.90756 5.90756
3.19324 0.00000 3.19324 3.19324
10.59055 0.00000 10.59055 10.59055
4.62582 0.00000 4.62582 4.62582
8.37207 0.00000 8.37207 8.37207
5.27864 0.00000 5.27864 5.27864
7.19534 0.00000 7.19534 7.19534
8.20424 0.00000 8.20424 8.20424
8.91232 0.00000 8.91232 8.91232
10.20993 0.00000 10.20993 10.20993
