# avg	std	min	max
3.88641 0.00000 3.88641 3.88641
2.21975 0.00000 2.21975 2.21975
3.13108 0.00000 3.13108 3.13108
3.64640 0.00000 3.64640 3.64640
3.08348 0.00000 3.08348 3.08348
2.51339 0.00000 2.51339 2.51339
1.82807 0.00000 1.82807 1.82807
2.76716 0.00000 2.76716 2.76716
-0.04413 0.00000 -0.04413 -0.04413
3.82917 0.00000 3.82917 3.82917
4.53361 0.00000 4.53361 4.53361
3.66779 0.00000 3.66779 3.66779
2.05450 0.00000 2.05450 2.05450
3.44606 0.00000 3.44606 3.44606
2.71788 0.00000 2.71788 2.71788
3.63441 0.00000 3.63441 3.63441
2.63357 0.00000 2.63357 2.63357
2.89727 0.00000 2.89727 2.89727
3.33431 0.00000 3.33431 3.33431
3.80449 0.00000 3.80449 3.80449
