# avg	std	min	max
2.56463 0.00000 2.56463 2.56463
1.84835 0.00000 1.84835 1.84835
2.27926 0.00000 2.27926 2.27926
1.34962 0.00000 1.34962 1.34962
1.93756 0.00000 1.93756 1.93756
1.24216 0.00000 1.24216 1.24216
1.74991 0.00000 1.74991 1.74991
2.01405 0.00000 2.01405 2.01405
0.00096 0.00000 0.00096 0.00096
1.97224 0.00000 1.97224 1.97224
2.16920 0.00000 2.16920 2.16920
2.19313 0.00000 2.19313 2.19313
1.96050 0.00000 1.96050 1.96050
2.49720 0.00000 2.49720 2.49720
2.15869 0.00000 2.15869 2.15869
2.24329 0.00000 2.24329 2.24329
1.94935 0.00000 1.94935 1.94935
1.89959 0.00000 1.89959 1.89959
1.58944 0.00000 1.58944 1.58944
2.60039 0.00000 2.60039 2.60039
