# avg	std	min	max
5.22949 0.00000 5.22949 5.22949
3.24801 0.00000 3.24801 3.24801
2.64736 0.00000 2.64736 2.64736
4.07344 0.00000 4.07344 4.07344
3.49906 0.00000 3.49906 3.49906
4.39456 0.00000 4.39456 4.39456
14.37544 0.00000 14.37544 14.37544
18.99152 0.00000 18.99152 18.99152
0.00022 0.00000 0.00022 0.00022
5.16896 0.00000 5.16896 5.16896
3.94737 0.00000 3.94737 3.94737
3.69203 0.00000 3.69203 3.69203
20.20162 0.00000 20.20162 20.20162
5.87675 0.00000 5.87675 5.87675
9.06579 0.00000 9.06579 9.06579
8.05256 0.00000 8.05256 8.05256
8.70308 0.00000 8.70308 8.70308
10.09904 0.00000 10.09904 10.09904
13.70564 0.00000 13.70564 13.70564
15.74568 0.00000 15.74568 15.74568
