# avg	std	min	max
3.02035 0.00000 3.02035 3.02035
2.25444 0.00000 2.25444 2.25444
2.61094 0.00000 2.61094 2.61094
2.19708 0.00000 2.19708 2.19708
2.34066 0.00000 2.34066 2.34066
2.06274 0.00000 2.06274 2.06274
2.24920 0.00000 2.24920 2.24920
2.35863 0.00000 2.35863 2.35863
-0.00193 0.00000 -0.00193 -0.00193
2.46076 0.00000 2.46076 2.46076
2.66095 0.00000 2.66095 2.66095
3.04933 0.00000 3.04933 3.04933
2.51448 0.00000 2.51448 2.51448
2.61953 0.00000 2.61953 2.61953
2.08475 0.00000 2.08475 2.08475
2.84129 0.00000 2.84129 2.84129
2.09077 0.00000 2.09077 2.09077
2.24562 0.00000 2.24562 2.24562
2.27146 0.00000 2.27146 2.27146
2.69191 0.00000 2.69191 2.69191
