# avg	std	min	max
4.13424 0.00000 4.13424 4.13424
2.64604 0.00000 2.64604 2.64604
3.87079 0.00000 3.87079 3.87079
3.47244 0.00000 3.47244 3.47244
4.88206 0.00000 4.88206 4.88206
5.42638 0.00000 5.42638 5.42638
19.94598 0.00000 19.94598 19.94598
27.95770 0.00000 27.95770 27.95770
-0.00622 0.00000 -0.00622 -0.00622
3.79164 0.00000 3.79164 3.79164
4.68824 0.00000 4.68824 4.68824
4.48128 0.00000 4.48128 4.48128
21.78374 0.00000 21.78374 21.78374
5.51934 0.00000 5.51934 5.51934
5.59463 0.00000 5.59463 5.59463
9.38219 0.00000 9.38219 9.38219
7.10568 0.00000 7.10568 7.10568
9.20692 0.00000 9.20692 9.20692
8.71364 0.00000 8.71364 8.71364
12.99784 0.00000 12.99784 12.99784
