# avg	std	min	max
4.71252 0.00000 4.71252 4.71252
3.17005 0.00000 3.17005 3.17005
3.76660 0.00000 3.76660 3.76660
6.00316 0.00000 6.00316 6.00316
7.15943 0.00000 7.15943 7.15943
7.13180 0.00000 7.13180 7.13180
12.85363 0.00000 12.85363 12.85363
21.47800 0.00000 21.47800 21.47800
-0.00037 0.00000 -0.00037 -0.00037
4.45122 0.00000 4.45122 4.45122
5.33278 0.00000 5.33278 5.33278
3.69079 0.00000 3.69079 3.69079
15.82456 0.00000 15.82456 15.82456
8.00621 0.00000 8.00621 8.00621
9.80133 0.00000 9.80133 9.80133
9.28322 0.00000 9.28322 9.28322
9.48542 0.00000 9.48542 9.48542
13.98996 0.00000 13.98996 13.98996
18.51018 0.00000 18.51018 18.51018
13.67996 0.00000 13.67996 13.67996
