# avg	std	min	max
2.21271 0.00000 2.21271 2.21271
5.51697 0.00000 5.51697 5.51697
13.21198 0.00000 13.21198 13.21198
14.76588 0.00000 14.76588 14.76588
14.60356 0.00000 14.60356 14.60356
11.08159 0.00000 11.08159 11.08159
17.01404 0.00000 17.01404 17.01404
26.50904 0.00000 26.50904 26.50904
-0.14546 0.00000 -0.14546 -0.14546
6.60834 0.00000 6.60834 6.60834
14.12684 0.00000 14.12684 14.12684
6.89337 0.00000 6.89337 6.89337
19.74406 0.00000 19.74406 19.74406
9.24454 0.00000 9.24454 9.24454
11.96176 0.00000 11.96176 11.96176
10.88870 0.00000 10.88870 10.88870
13.94126 0.00000 13.94126 13.94126
14.93904 0.00000 14.93904 14.93904
11.35002 0.00000 11.35002 11.35002
13.98754 0.00000 13.98754 13.98754
