# avg	std	min	max
2.26127 0.00000 2.26127 2.26127
1.28834 0.00000 1.28834 1.28834
3.65002 0.00000 3.65002 3.65002
3.07947 0.00000 3.07947 3.07947
4.90687 0.00000 4.90687 4.90687
3.13850 0.00000 3.13850 3.13850
2.47671 0.00000 2.47671 2.47671
2.51665 0.00000 2.51665 2.51665
-0.03833 0.00000 -0.03833 -0.03833
1.20531 0.00000 1.20531 1.20531
1.25329 0.00000 1.25329 1.25329
2.07665 0.00000 2.07665 2.07665
2.66010 0.00000 2.66010 2.66010
2.85612 0.00000 2.85612 2.85612
3.07788 0.00000 3.07788 3.07788
4.24397 0.00000 4.24397 4.24397
3.80863 0.00000 3.80863 3.80863
2.88674 0.00000 2.88674 2.88674
3.20660 0.00000 3.20660 3.20660
2.67504 0.00000 2.67504 2.67504
