# avg	std	min	max
0.96897 0.00000 0.96897 0.96897
0.76035 0.00000 0.76035 0.76035
0.78286 0.00000 0.78286 0.78286
0.84202 0.00000 0.84202 0.84202
0.75607 0.00000 0.75607 0.75607
0.68281 0.00000 0.68281 0.68281
0.33706 0.00000 0.33706 0.33706
0.86888 0.00000 0.86888 0.86888
0.00005 0.00000 0.00005 0.00005
0.89214 0.00000 0.89214 0.89214
0.80164 0.00000 0.80164 0.80164
0.96479 0.00000 0.96479 0.96479
0.83396 0.00000 0.83396 0.83396
1.05666 0.00000 1.05666 1.05666
0.94096 0.00000 0.94096 0.94096
1.02719 0.00000 1.02719 1.02719
0.63726 0.00000 0.63726 0.63726
0.38126 0.00000 0.38126 0.38126
0.46470 0.00000 0.46470 0.46470
1.00457 0.00000 1.00457 1.00457
