# avg	std	min	max
0.18458 0.00000 0.18458 0.18458
1.44632 0.00000 1.44632 1.44632
1.52986 0.00000 1.52986 1.52986
1.48595 0.00000 1.48595 1.48595
1.02502 0.00000 1.02502 1.02502
0.83400 0.00000 0.83400 0.83400
1.20347 0.00000 1.20347 1.20347
0.83690 0.00000 0.83690 0.83690
0.00091 0.00000 0.00091 0.00091
0.73809 0.00000 0.73809 0.73809
1.90236 0.00000 1.90236 1.90236
1.55136 0.00000 1.55136 1.55136
1.36170 0.00000 1.36170 1.36170
1.66773 0.00000 1.66773 1.66773
1.36754 0.00000 1.36754 1.36754
1.01772 0.00000 1.01772 1.01772
1.17515 0.00000 1.17515 1.17515
1.43110 0.00000 1.43110 1.43110
1.06206 0.00000 1.06206 1.06206
1.67082 0.00000 1.67082 1.67082
