# avg	std	min	max
1.02831 0.00000 1.02831 1.02831
0.85767 0.00000 0.85767 0.85767
1.09831 0.00000 1.09831 1.09831
0.80624 0.00000 0.80624 0.80624
0.80457 0.00000 0.80457 0.80457
0.91211 0.00000 0.91211 0.91211
1.03774 0.00000 1.03774 1.03774
1.09369 0.00000 1.09369 1.09369
0.00078 0.00000 0.00078 0.00078
1.41898 0.00000 1.41898 1.41898
1.00316 0.00000 1.00316 1.00316
1.58790 0.00000 1.58790 1.58790
1.13525 0.00000 1.13525 1.13525
1.31508 0.00000 1.31508 1.31508
0.73324 0.00000 0.73324 0.73324
1.50873 0.00000 1.50873 1.50873
1.17523 0.00000 1.17523 1.17523
0.75160 0.00000 0.75160 0.75160
0.75445 0.00000 0.75445 0.75445
1.35449 0.00000 1.35449 1.35449
