# avg	std	min	max
1.39345 0.00000 1.39345 1.39345
1.18648 0.00000 1.18648 1.18648
1.37419 0.00000 1.37419 1.37419
0.59907 0.00000 0.59907 0.59907
0.91290 0.00000 0.91290 0.91290
0.79182 0.00000 0.79182 0.79182
1.10237 0.00000 1.10237 1.10237
1.23499 0.00000 1.23499 1.23499
-0.02642 0.00000 -0.02642 -0.02642
1.35877 0.00000 1.35877 1.35877
1.62446 0.00000 1.62446 1.62446
1.31877 0.00000 1.31877 1.31877
1.22854 0.00000 1.22854 1.22854
1.24852 0.00000 1.24852 1.24852
0.63291 0.00000 0.63291 0.63291
1.57582 0.00000 1.57582 1.57582
1.35210 0.00000 1.35210 1.35210
-0.53239 0.00000 -0.53239 -0.53239
-1.44465 0.00000 -1.44465 -1.44465
0.74050 0.00000 0.74050 0.74050
