# avg	std	min	max
4.06931 0.00000 4.06931 4.06931
2.81342 0.00000 2.81342 2.81342
2.51992 0.00000 2.51992 2.51992
1.62684 0.00000 1.62684 1.62684
1.85427 0.00000 1.85427 1.85427
2.83332 0.00000 2.83332 2.83332
5.79196 0.00000 5.79196 5.79196
13.14552 0.00000 13.14552 13.14552
7.93936 0.00000 7.93936 7.93936
3.90061 0.00000 3.90061 3.90061
4.39238 0.00000 4.39238 4.39238
3.07292 0.00000 3.07292 3.07292
9.10631 0.00000 9.10631 9.10631
4.08946 0.00000 4.08946 4.08946
-0.12841 0.00000 -0.12841 -0.12841
5.31438 0.00000 5.31438 5.31438
3.11612 0.00000 3.11612 3.11612
5.21566 0.00000 5.21566 5.21566
8.01016 0.00000 8.01016 8.01016
4.63040 0.00000 4.63040 4.63040
