# avg	std	min	max
0.38525 0.00000 0.38525 0.38525
0.66488 0.00000 0.66488 0.66488
1.42877 0.00000 1.42877 1.42877
0.85889 0.00000 0.85889 0.85889
2.39465 0.00000 2.39465 2.39465
0.65277 0.00000 0.65277 0.65277
0.53644 0.00000 0.53644 0.53644
1.94889 0.00000 1.94889 1.94889
3.97630 0.00000 3.97630 3.97630
0.54667 0.00000 0.54667 0.54667
2.43369 0.00000 2.43369 2.43369
0.61521 0.00000 0.61521 0.61521
0.62949 0.00000 0.62949 0.62949
0.20709 0.00000 0.20709 0.20709
-0.03179 0.00000 -0.03179 -0.03179
0.52513 0.00000 0.52513 0.52513
0.55010 0.00000 0.55010 0.55010
-0.50882 0.00000 -0.50882 -0.50882
-0.44790 0.00000 -0.44790 -0.44790
0.43203 0.00000 0.43203 0.43203
