# avg	std	min	max
1.15540 0.00000 1.15540 1.15540
0.13946 0.00000 0.13946 0.13946
-0.91568 0.00000 -0.91568 -0.91568
-1.22807 0.00000 -1.22807 -1.22807
-1.32499 0.00000 -1.32499 -1.32499
-1.63637 0.00000 -1.63637 -1.63637
-0.21548 0.00000 -0.21548 -0.21548
5.99944 0.00000 5.99944 5.99944
-0.09988 0.00000 -0.09988 -0.09988
0.96279 0.00000 0.96279 0.96279
0.19621 0.00000 0.19621 0.19621
0.09836 0.00000 0.09836 0.09836
2.98607 0.00000 2.98607 2.98607
1.05028 0.00000 1.05028 1.05028
-0.05567 0.00000 -0.05567 -0.05567
2.01784 0.00000 2.01784 2.01784
1.15521 0.00000 1.15521 1.15521
-0.30964 0.00000 -0.30964 -0.30964
-0.25453 0.00000 -0.25453 -0.25453
0.26451 0.00000 0.26451 0.26451
