# avg	std	min	max
1.51181 0.00000 1.51181 1.51181
0.34536 0.00000 0.34536 0.34536
-0.37682 0.00000 -0.37682 -0.37682
-0.83449 0.00000 -0.83449 -0.83449
-1.18468 0.00000 -1.18468 -1.18468
-0.87014 0.00000 -0.87014 -0.87014
2.14010 0.00000 2.14010 2.14010
-0.71600 0.00000 -0.71600 -0.71600
-2.45417 0.00000 -2.45417 -2.45417
1.18084 0.00000 1.18084 1.18084
1.08685 0.00000 1.08685 1.08685
0.34333 0.00000 0.34333 0.34333
1.79149 0.00000 1.79149 1.79149
-0.62578 0.00000 -0.62578 -0.62578
-0.00352 0.00000 -0.00352 -0.00352
1.33576 0.00000 1.33576 1.33576
0.26452 0.00000 0.26452 0.26452
-0.19948 0.00000 -0.19948 -0.19948
-0.86981 0.00000 -0.86981 -0.86981
3.37366 0.00000 3.37366 3.37366
