# avg	std	min	max
1.14327 0.00000 1.14327 1.14327
0.33928 0.00000 0.33928 0.33928
0.53713 0.00000 0.53713 0.53713
-0.02629 0.00000 -0.02629 -0.02629
0.00545 0.00000 0.00545 0.00545
-0.13012 0.00000 -0.13012 -0.13012
0.16642 0.00000 0.16642 0.16642
0.42926 0.00000 0.42926 0.42926
-0.22943 0.00000 -0.22943 -0.22943
0.26394 0.00000 0.26394 0.26394
0.44816 0.00000 0.44816 0.44816
0.81121 0.00000 0.81121 0.81121
0.44837 0.00000 0.44837 0.44837
0.42606 0.00000 0.42606 0.42606
-0.00730 0.00000 -0.00730 -0.00730
0.77106 0.00000 0.77106 0.77106
0.40261 0.00000 0.40261 0.40261
0.02227 0.00000 0.02227 0.02227
-1.44186 0.00000 -1.44186 -1.44186
0.23906 0.00000 0.23906 0.23906
