# avg	std	min	max
1.03220 0.00000 1.03220 1.03220
1.00804 0.00000 1.00804 1.00804
2.09438 0.00000 2.09438 2.09438
0.52732 0.00000 0.52732 0.52732
2.63631 0.00000 2.63631 2.63631
0.24514 0.00000 0.24514 0.24514
-0.51562 0.00000 -0.51562 -0.51562
2.35235 0.00000 2.35235 2.35235
7.43059 0.00000 7.43059 7.43059
1.50863 0.00000 1.50863 1.50863
2.30719 0.00000 2.30719 2.30719
0.98328 0.00000 0.98328 0.98328
0.35230 0.00000 0.35230 0.35230
0.76386 0.00000 0.76386 0.76386
-0.09027 0.00000 -0.09027 -0.09027
1.02032 0.00000 1.02032 1.02032
1.04167 0.00000 1.04167 1.04167
0.23544 0.00000 0.23544 0.23544
-0.40790 0.00000 -0.40790 -0.40790
0.54409 0.00000 0.54409 0.54409
