# avg	std	min	max
2.04370 0.00000 2.04370 2.04370
0.53574 0.00000 0.53574 0.53574
0.46298 0.00000 0.46298 0.46298
-0.01167 0.00000 -0.01167 -0.01167
1.20932 0.00000 1.20932 1.20932
-0.81449 0.00000 -0.81449 -0.81449
0.91871 0.00000 0.91871 0.91871
5.26061 0.00000 5.26061 5.26061
4.61448 0.00000 4.61448 4.61448
1.81187 0.00000 1.81187 1.81187
0.32806 0.00000 0.32806 0.32806
1.15965 0.00000 1.15965 1.15965
0.94648 0.00000 0.94648 0.94648
1.87835 0.00000 1.87835 1.87835
-0.05951 0.00000 -0.05951 -0.05951
3.58705 0.00000 3.58705 3.58705
2.57239 0.00000 2.57239 2.57239
-0.61735 0.00000 -0.61735 -0.61735
-0.28129 0.00000 -0.28129 -0.28129
1.06301 0.00000 1.06301 1.06301
