# avg	std	min	max
0.94099 0.00000 0.94099 0.94099
0.49182 0.00000 0.49182 0.49182
0.71957 0.00000 0.71957 0.71957
-0.16106 0.00000 -0.16106 -0.16106
-0.01141 0.00000 -0.01141 -0.01141
-0.53209 0.00000 -0.53209 -0.53209
0.20823 0.00000 0.20823 0.20823
-0.19201 0.00000 -0.19201 -0.19201
-1.49251 0.00000 -1.49251 -1.49251
0.73240 0.00000 0.73240 0.73240
0.54085 0.00000 0.54085 0.54085
1.07412 0.00000 1.07412 1.07412
0.31184 0.00000 0.31184 0.31184
0.71850 0.00000 0.71850 0.71850
-0.01939 0.00000 -0.01939 -0.01939
0.05210 0.00000 0.05210 0.05210
-0.79065 0.00000 -0.79065 -0.79065
0.06455 0.00000 0.06455 0.06455
0.21272 0.00000 0.21272 0.21272
0.70500 0.00000 0.70500 0.70500
