# avg	std	min	max
2.38033 0.00000 2.38033 2.38033
0.95384 0.00000 0.95384 0.95384
2.54254 0.00000 2.54254 2.54254
0.95198 0.00000 0.95198 0.95198
2.66406 0.00000 2.66406 2.66406
1.06610 0.00000 1.06610 1.06610
16.10134 0.00000 16.10134 16.10134
20.37972 0.00000 20.37972 20.37972
5.67813 0.00000 5.67813 5.67813
1.94436 0.00000 1.94436 1.94436
2.28283 0.00000 2.28283 2.28283
1.28449 0.00000 1.28449 1.28449
27.02510 0.00000 27.02510 27.02510
1.63361 0.00000 1.63361 1.63361
-0.05168 0.00000 -0.05168 -0.05168
3.96047 0.00000 3.96047 3.96047
5.03376 0.00000 5.03376 5.03376
2.08243 0.00000 2.08243 2.08243
2.34581 0.00000 2.34581 2.34581
13.37248 0.00000 13.37248 13.37248
