# avg	std	min	max
2.67932 0.00000 2.67932 2.67932
1.30260 0.00000 1.30260 1.30260
-1.71526 0.00000 -1.71526 -1.71526
-2.82981 0.00000 -2.82981 -2.82981
-2.38567 0.00000 -2.38567 -2.38567
-2.80305 0.00000 -2.80305 -2.80305
5.11466 0.00000 5.11466 5.11466
13.62133 0.00000 13.62133 13.62133
5.74158 0.00000 5.74158 5.74158
2.64642 0.00000 2.64642 2.64642
0.71367 0.00000 0.71367 0.71367
0.66888 0.00000 0.66888 0.66888
7.84730 0.00000 7.84730 7.84730
1.12044 0.00000 1.12044 1.12044
-0.01194 0.00000 -0.01194 -0.01194
2.14286 0.00000 2.14286 2.14286
1.50181 0.00000 1.50181 1.50181
0.39976 0.00000 0.39976 0.39976
2.96787 0.00000 2.96787 2.96787
4.30669 0.00000 4.30669 4.30669
