# avg	std	min	max
0.18513 0.00000 0.18513 0.18513
0.38202 0.00000 0.38202 0.38202
1.39842 0.00000 1.39842 1.39842
-0.88307 0.00000 -0.88307 -0.88307
0.66934 0.00000 0.66934 0.66934
-0.66096 0.00000 -0.66096 -0.66096
-0.66691 0.00000 -0.66691 -0.66691
-0.33866 0.00000 -0.33866 -0.33866
4.34051 0.00000 4.34051 4.34051
-0.12597 0.00000 -0.12597 -0.12597
0.21399 0.00000 0.21399 0.21399
0.06752 0.00000 0.06752 0.06752
-0.61197 0.00000 -0.61197 -0.61197
-0.37813 0.00000 -0.37813 -0.37813
-0.02020 0.00000 -0.02020 -0.02020
1.15833 0.00000 1.15833 1.15833
0.33874 0.00000 0.33874 0.33874
-0.60493 0.00000 -0.60493 -0.60493
-0.55440 0.00000 -0.55440 -0.55440
0.32126 0.00000 0.32126 0.32126
