# avg	std	min	max
0.60498 0.00000 0.60498 0.60498
0.27330 0.00000 0.27330 0.27330
-0.59983 0.00000 -0.59983 -0.59983
-0.53475 0.00000 -0.53475 -0.53475
-1.12430 0.00000 -1.12430 -1.12430
-0.87165 0.00000 -0.87165 -0.87165
-1.16764 0.00000 -1.16764 -1.16764
-0.12701 0.00000 -0.12701 -0.12701
3.01809 0.00000 3.01809 3.01809
0.56135 0.00000 0.56135 0.56135
-0.33453 0.00000 -0.33453 -0.33453
0.06502 0.00000 0.06502 0.06502
-2.18136 0.00000 -2.18136 -2.18136
0.46584 0.00000 0.46584 0.46584
-0.00000 0.00000 -0.00000 -0.00000
0.60246 0.00000 0.60246 0.60246
0.27729 0.00000 0.27729 0.27729
-0.44757 0.00000 -0.44757 -0.44757
-0.11978 0.00000 -0.11978 -0.11978
0.03741 0.00000 0.03741 0.03741
