# avg	std	min	max
1.17608 0.00000 1.17608 1.17608
0.37499 0.00000 0.37499 0.37499
0.98152 0.00000 0.98152 0.98152
-0.66716 0.00000 -0.66716 -0.66716
0.10642 0.00000 0.10642 0.10642
-0.82522 0.00000 -0.82522 -0.82522
-0.65104 0.00000 -0.65104 -0.65104
-0.62554 0.00000 -0.62554 -0.62554
4.68743 0.00000 4.68743 4.68743
0.55616 0.00000 0.55616 0.55616
0.13114 0.00000 0.13114 0.13114
0.35054 0.00000 0.35054 0.35054
-0.61235 0.00000 -0.61235 -0.61235
-0.26103 0.00000 -0.26103 -0.26103
-0.09659 0.00000 -0.09659 -0.09659
1.11098 0.00000 1.11098 1.11098
0.28667 0.00000 0.28667 0.28667
-0.80483 0.00000 -0.80483 -0.80483
-0.66631 0.00000 -0.66631 -0.66631
-0.11403 0.00000 -0.11403 -0.11403
