# avg	std	min	max
2.38244 0.00000 2.38244 2.38244
0.81042 0.00000 0.81042 0.81042
-0.69411 0.00000 -0.69411 -0.69411
-1.27069 0.00000 -1.27069 -1.27069
-1.01858 0.00000 -1.01858 -1.01858
-1.04137 0.00000 -1.04137 -1.04137
-1.15862 0.00000 -1.15862 -1.15862
-0.67193 0.00000 -0.67193 -0.67193
3.99178 0.00000 3.99178 3.99178
1.59047 0.00000 1.59047 1.59047
0.72160 0.00000 0.72160 0.72160
0.58730 0.00000 0.58730 0.58730
-0.86891 0.00000 -0.86891 -0.86891
0.83376 0.00000 0.83376 0.83376
0.00000 0.00000 0.00000 0.00000
2.50676 0.00000 2.50676 2.50676
0.60245 0.00000 0.60245 0.60245
-0.86917 0.00000 -0.86917 -0.86917
-0.67651 0.00000 -0.67651 -0.67651
0.38873 0.00000 0.38873 0.38873
