# avg	std	min	max
1.39385 0.00000 1.39385 1.39385
0.36260 0.00000 0.36260 0.36260
-0.09506 0.00000 -0.09506 -0.09506
-0.94096 0.00000 -0.94096 -0.94096
-0.59272 0.00000 -0.59272 -0.59272
-1.03068 0.00000 -1.03068 -1.03068
2.11092 0.00000 2.11092 2.11092
4.73892 0.00000 4.73892 4.73892
1.18561 0.00000 1.18561 1.18561
0.64623 0.00000 0.64623 0.64623
0.16580 0.00000 0.16580 0.16580
0.44113 0.00000 0.44113 0.44113
2.50193 0.00000 2.50193 2.50193
0.52274 0.00000 0.52274 0.52274
-0.00390 0.00000 -0.00390 -0.00390
-0.23106 0.00000 -0.23106 -0.23106
0.26761 0.00000 0.26761 0.26761
-0.28052 0.00000 -0.28052 -0.28052
-0.41825 0.00000 -0.41825 -0.41825
1.34243 0.00000 1.34243 1.34243
