# avg	std	min	max
3.22120 0.00000 3.22120 3.22120
2.19211 0.00000 2.19211 2.19211
2.66249 0.00000 2.66249 2.66249
0.16097 0.00000 0.16097 0.16097
2.55596 0.00000 2.55596 2.55596
0.12332 0.00000 0.12332 0.12332
1.48702 0.00000 1.48702 1.48702
2.71727 0.00000 2.71727 2.71727
11.12048 0.00000 11.12048 11.12048
2.43381 0.00000 2.43381 2.43381
2.20150 0.00000 2.20150 2.20150
2.10943 0.00000 2.10943 2.10943
1.84289 0.00000 1.84289 1.84289
1.99162 0.00000 1.99162 1.99162
1.95254 0.00000 1.95254 1.95254
3.16071 0.00000 3.16071 3.16071
1.89740 0.00000 1.89740 1.89740
1.41207 0.00000 1.41207 1.41207
-0.02967 0.00000 -0.02967 -0.02967
1.96463 0.00000 1.96463 1.96463
