# avg	std	min	max
1.39686 0.00000 1.39686 1.39686
0.64672 0.00000 0.64672 0.64672
0.64453 0.00000 0.64453 0.64453
-0.45516 0.00000 -0.45516 -0.45516
-0.32028 0.00000 -0.32028 -0.32028
-0.50106 0.00000 -0.50106 -0.50106
-0.18187 0.00000 -0.18187 -0.18187
-0.38565 0.00000 -0.38565 -0.38565
4.99511 0.00000 4.99511 4.99511
0.73422 0.00000 0.73422 0.73422
0.77088 0.00000 0.77088 0.77088
0.84839 0.00000 0.84839 0.84839
0.02138 0.00000 0.02138 0.02138
0.31992 0.00000 0.31992 0.31992
0.34247 0.00000 0.34247 0.34247
1.37175 0.00000 1.37175 1.37175
0.40938 0.00000 0.40938 0.40938
-0.10730 0.00000 -0.10730 -0.10730
-0.01769 0.00000 -0.01769 -0.01769
0.57680 0.00000 0.57680 0.57680
