# avg	std	min	max
0.69442 0.00000 0.69442 0.69442
0.33546 0.00000 0.33546 0.33546
0.16667 0.00000 0.16667 0.16667
-0.50713 0.00000 -0.50713 -0.50713
-0.01802 0.00000 -0.01802 -0.01802
-0.24648 0.00000 -0.24648 -0.24648
-0.36279 0.00000 -0.36279 -0.36279
0.10660 0.00000 0.10660 0.10660
0.52711 0.00000 0.52711 0.52711
0.77801 0.00000 0.77801 0.77801
0.24208 0.00000 0.24208 0.24208
0.25754 0.00000 0.25754 0.25754
-0.41129 0.00000 -0.41129 -0.41129
0.95218 0.00000 0.95218 0.95218
0.20156 0.00000 0.20156 0.20156
1.08129 0.00000 1.08129 1.08129
0.24663 0.00000 0.24663 0.24663
-0.14453 0.00000 -0.14453 -0.14453
-0.05627 0.00000 -0.05627 -0.05627
0.79404 0.00000 0.79404 0.79404
