# avg	std	min	max
2.57129 0.00000 2.57129 2.57129
1.59839 0.00000 1.59839 1.59839
1.95382 0.00000 1.95382 1.95382
0.27564 0.00000 0.27564 0.27564
1.62923 0.00000 1.62923 1.62923
-0.48302 0.00000 -0.48302 -0.48302
6.03945 0.00000 6.03945 6.03945
8.04138 0.00000 8.04138 8.04138
2.64046 0.00000 2.64046 2.64046
1.51688 0.00000 1.51688 1.51688
2.06387 0.00000 2.06387 2.06387
1.44417 0.00000 1.44417 1.44417
9.12485 0.00000 9.12485 9.12485
1.90043 0.00000 1.90043 1.90043
0.66483 0.00000 0.66483 0.66483
4.79271 0.00000 4.79271 4.79271
5.03008 0.00000 5.03008 5.03008
0.26131 0.00000 0.26131 0.26131
-0.09744 0.00000 -0.09744 -0.09744
5.89404 0.00000 5.89404 5.89404
