# avg	std	min	max
2.02497 0.00000 2.02497 2.02497
1.80712 0.00000 1.80712 1.80712
1.15671 0.00000 1.15671 1.15671
0.36275 0.00000 0.36275 0.36275
1.63061 0.00000 1.63061 1.63061
0.16004 0.00000 0.16004 0.16004
0.49783 0.00000 0.49783 0.49783
1.07090 0.00000 1.07090 1.07090
5.12477 0.00000 5.12477 5.12477
1.50914 0.00000 1.50914 1.50914
1.41162 0.00000 1.41162 1.41162
1.63343 0.00000 1.63343 1.63343
0.59246 0.00000 0.59246 0.59246
1.63567 0.00000 1.63567 1.63567
1.53330 0.00000 1.53330 1.53330
3.53166 0.00000 3.53166 3.53166
3.13828 0.00000 3.13828 3.13828
0.61415 0.00000 0.61415 0.61415
-0.02562 0.00000 -0.02562 -0.02562
1.10307 0.00000 1.10307 1.10307
