# avg	std	min	max
3.94203 0.00000 3.94203 3.94203
2.97770 0.00000 2.97770 2.97770
3.00622 0.00000 3.00622 3.00622
2.15309 0.00000 2.15309 2.15309
2.83552 0.00000 2.83552 2.83552
1.20395 0.00000 1.20395 1.20395
2.60558 0.00000 2.60558 2.60558
2.85017 0.00000 2.85017 2.85017
3.46166 0.00000 3.46166 3.46166
3.48572 0.00000 3.48572 3.48572
4.40823 0.00000 4.40823 4.40823
3.03009 0.00000 3.03009 3.03009
3.09293 0.00000 3.09293 3.09293
2.48458 0.00000 2.48458 2.48458
2.44239 0.00000 2.44239 2.44239
3.53513 0.00000 3.53513 3.53513
3.37540 0.00000 3.37540 3.37540
1.82383 0.00000 1.82383 1.82383
-0.02522 0.00000 -0.02522 -0.02522
3.25082 0.00000 3.25082 3.25082
