# avg	std	min	max
2.14565 0.00000 2.14565 2.14565
0.98162 0.00000 0.98162 0.98162
0.55888 0.00000 0.55888 0.55888
0.03884 0.00000 0.03884 0.03884
0.15484 0.00000 0.15484 0.15484
0.21466 0.00000 0.21466 0.21466
3.56746 0.00000 3.56746 3.56746
3.84560 0.00000 3.84560 3.84560
6.59554 0.00000 6.59554 6.59554
1.71661 0.00000 1.71661 1.71661
1.98253 0.00000 1.98253 1.98253
1.63612 0.00000 1.63612 1.63612
5.01781 0.00000 5.01781 5.01781
0.97534 0.00000 0.97534 0.97534
0.63297 0.00000 0.63297 0.63297
4.05327 0.00000 4.05327 4.05327
1.60084 0.00000 1.60084 1.60084
0.42642 0.00000 0.42642 0.42642
-0.10834 0.00000 -0.10834 -0.10834
2.91360 0.00000 2.91360 2.91360
