# avg	std	min	max
0.98841 0.00000 0.98841 0.98841
-0.02533 0.00000 -0.02533 -0.02533
1.56755 0.00000 1.56755 1.56755
0.24185 0.00000 0.24185 0.24185
0.86714 0.00000 0.86714 0.86714
-0.01941 0.00000 -0.01941 -0.01941
0.26923 0.00000 0.26923 0.26923
0.42786 0.00000 0.42786 0.42786
4.55312 0.00000 4.55312 4.55312
0.26968 0.00000 0.26968 0.26968
0.74260 0.00000 0.74260 0.74260
1.07638 0.00000 1.07638 1.07638
0.40996 0.00000 0.40996 0.40996
0.58278 0.00000 0.58278 0.58278
0.04091 0.00000 0.04091 0.04091
2.06819 0.00000 2.06819 2.06819
1.23542 0.00000 1.23542 1.23542
0.00808 0.00000 0.00808 0.00808
-0.02220 0.00000 -0.02220 -0.02220
0.81308 0.00000 0.81308 0.81308
