# avg	std	min	max
3.14285 0.00000 3.14285 3.14285
1.50093 0.00000 1.50093 1.50093
2.94147 0.00000 2.94147 2.94147
0.25779 0.00000 0.25779 0.25779
2.52662 0.00000 2.52662 2.52662
0.38339 0.00000 0.38339 0.38339
0.23593 0.00000 0.23593 0.23593
0.81297 0.00000 0.81297 0.81297
7.79184 0.00000 7.79184 7.79184
2.36871 0.00000 2.36871 2.36871
1.27792 0.00000 1.27792 1.27792
1.82072 0.00000 1.82072 1.82072
0.05841 0.00000 0.05841 0.05841
1.10419 0.00000 1.10419 1.10419
1.23472 0.00000 1.23472 1.23472
3.58649 0.00000 3.58649 3.58649
2.44464 0.00000 2.44464 2.44464
1.24240 0.00000 1.24240 1.24240
-0.00903 0.00000 -0.00903 -0.00903
1.93781 0.00000 1.93781 1.93781
