# avg	std	min	max
1.57835 0.00000 1.57835 1.57835
0.97847 0.00000 0.97847 0.97847
1.66936 0.00000 1.66936 1.66936
-0.13113 0.00000 -0.13113 -0.13113
1.47114 0.00000 1.47114 1.47114
-0.48357 0.00000 -0.48357 -0.48357
1.25620 0.00000 1.25620 1.25620
7.10910 0.00000 7.10910 7.10910
4.76714 0.00000 4.76714 4.76714
1.89708 0.00000 1.89708 1.89708
0.77893 0.00000 0.77893 0.77893
1.05875 0.00000 1.05875 1.05875
2.25722 0.00000 2.25722 2.25722
3.22209 0.00000 3.22209 3.22209
2.21422 0.00000 2.21422 2.21422
6.06464 0.00000 6.06464 6.06464
3.68034 0.00000 3.68034 3.68034
0.14990 0.00000 0.14990 0.14990
0.00000 0.00000 0.00000 0.00000
3.13682 0.00000 3.13682 3.13682
