# avg	std	min	max
0.74448 0.00000 0.74448 0.74448
0.48639 0.00000 0.48639 0.48639
0.73256 0.00000 0.73256 0.73256
0.51028 0.00000 0.51028 0.51028
0.65044 0.00000 0.65044 0.65044
0.32650 0.00000 0.32650 0.32650
0.52799 0.00000 0.52799 0.52799
0.62451 0.00000 0.62451 0.62451
0.64162 0.00000 0.64162 0.64162
0.70696 0.00000 0.70696 0.70696
0.69189 0.00000 0.69189 0.69189
0.81243 0.00000 0.81243 0.81243
0.56562 0.00000 0.56562 0.56562
0.57261 0.00000 0.57261 0.57261
0.16523 0.00000 0.16523 0.16523
0.33535 0.00000 0.33535 0.33535
0.41205 0.00000 0.41205 0.41205
0.17713 0.00000 0.17713 0.17713
-0.01688 0.00000 -0.01688 -0.01688
1.03270 0.00000 1.03270 1.03270
