# avg	std	min	max
1.14975 0.00000 1.14975 1.14975
0.14629 0.00000 0.14629 0.14629
0.25710 0.00000 0.25710 0.25710
-0.67955 0.00000 -0.67955 -0.67955
-0.13399 0.00000 -0.13399 -0.13399
-0.68876 0.00000 -0.68876 -0.68876
-0.27577 0.00000 -0.27577 -0.27577
0.15050 0.00000 0.15050 0.15050
2.02498 0.00000 2.02498 2.02498
1.02631 0.00000 1.02631 1.02631
0.94347 0.00000 0.94347 0.94347
0.82819 0.00000 0.82819 0.82819
-0.23943 0.00000 -0.23943 -0.23943
0.75238 0.00000 0.75238 0.75238
-0.23477 0.00000 -0.23477 -0.23477
0.80817 0.00000 0.80817 0.80817
0.29975 0.00000 0.29975 0.29975
-0.21777 0.00000 -0.21777 -0.21777
-0.00927 0.00000 -0.00927 -0.00927
0.58234 0.00000 0.58234 0.58234
