# avg	std	min	max
1.49487 0.00000 1.49487 1.49487
0.90765 0.00000 0.90765 0.90765
1.18746 0.00000 1.18746 1.18746
0.50368 0.00000 0.50368 0.50368
0.62222 0.00000 0.62222 0.62222
0.12872 0.00000 0.12872 0.12872
0.41541 0.00000 0.41541 0.41541
0.02531 0.00000 0.02531 0.02531
2.45556 0.00000 2.45556 2.45556
0.89444 0.00000 0.89444 0.89444
0.87456 0.00000 0.87456 0.87456
1.50016 0.00000 1.50016 1.50016
0.46529 0.00000 0.46529 0.46529
0.87944 0.00000 0.87944 0.87944
0.77352 0.00000 0.77352 0.77352
1.46693 0.00000 1.46693 1.46693
1.04888 0.00000 1.04888 1.04888
0.56804 0.00000 0.56804 0.56804
-0.03522 0.00000 -0.03522 -0.03522
0.81189 0.00000 0.81189 0.81189
