# avg	std	min	max
0.85192 0.00000 0.85192 0.85192
-0.17179 0.00000 -0.17179 -0.17179
1.08100 0.00000 1.08100 1.08100
0.08117 0.00000 0.08117 0.08117
0.64810 0.00000 0.64810 0.64810
0.05301 0.00000 0.05301 0.05301
-0.16351 0.00000 -0.16351 -0.16351
0.33729 0.00000 0.33729 0.33729
2.70178 0.00000 2.70178 2.70178
0.47178 0.00000 0.47178 0.47178
1.36293 0.00000 1.36293 1.36293
1.12193 0.00000 1.12193 1.12193
-0.62541 0.00000 -0.62541 -0.62541
0.42134 0.00000 0.42134 0.42134
0.00894 0.00000 0.00894 0.00894
1.27410 0.00000 1.27410 1.27410
0.55838 0.00000 0.55838 0.55838
-0.06306 0.00000 -0.06306 -0.06306
-0.01521 0.00000 -0.01521 -0.01521
0.66357 0.00000 0.66357 0.66357
