# avg	std	min	max
1.53328 0.00000 1.53328 1.53328
0.62253 0.00000 0.62253 0.62253
0.63436 0.00000 0.63436 0.63436
0.15174 0.00000 0.15174 0.15174
-0.07695 0.00000 -0.07695 -0.07695
-0.93099 0.00000 -0.93099 -0.93099
4.32695 0.00000 4.32695 4.32695
2.26525 0.00000 2.26525 2.26525
5.27033 0.00000 5.27033 5.27033
1.01990 0.00000 1.01990 1.01990
0.67962 0.00000 0.67962 0.67962
0.96649 0.00000 0.96649 0.96649
4.30823 0.00000 4.30823 4.30823
1.49528 0.00000 1.49528 1.49528
-0.02436 0.00000 -0.02436 -0.02436
3.12278 0.00000 3.12278 3.12278
0.99848 0.00000 0.99848 0.99848
-0.48534 0.00000 -0.48534 -0.48534
0.05392 0.00000 0.05392 0.05392
2.59736 0.00000 2.59736 2.59736
