# avg	std	min	max
0.00506 0.00000 0.00506 0.00506
2.45984 0.00000 2.45984 2.45984
3.44674 0.00000 3.44674 3.44674
1.53041 0.00000 1.53041 1.53041
2.66592 0.00000 2.66592 2.66592
1.28891 0.00000 1.28891 1.28891
0.92897 0.00000 0.92897 0.92897
1.48475 0.00000 1.48475 1.48475
8.25972 0.00000 8.25972 8.25972
2.33026 0.00000 2.33026 2.33026
3.14741 0.00000 3.14741 3.14741
2.16072 0.00000 2.16072 2.16072
0.63614 0.00000 0.63614 0.63614
1.90394 0.00000 1.90394 1.90394
1.30569 0.00000 1.30569 1.30569
3.88727 0.00000 3.88727 3.88727
3.30759 0.00000 3.30759 3.30759
-0.95029 0.00000 -0.95029 -0.95029
-0.03190 0.00000 -0.03190 -0.03190
-0.35549 0.00000 -0.35549 -0.35549
