# avg	std	min	max
4.34099 0.00000 4.34099 4.34099
3.27161 0.00000 3.27161 3.27161
1.42436 0.00000 1.42436 1.42436
0.63039 0.00000 0.63039 0.63039
0.92120 0.00000 0.92120 0.92120
0.45339 0.00000 0.45339 0.45339
0.86457 0.00000 0.86457 0.86457
1.60170 0.00000 1.60170 1.60170
7.65312 0.00000 7.65312 7.65312
3.77685 0.00000 3.77685 3.77685
2.71514 0.00000 2.71514 2.71514
2.85633 0.00000 2.85633 2.85633
1.40961 0.00000 1.40961 1.40961
3.09266 0.00000 3.09266 3.09266
2.24530 0.00000 2.24530 2.24530
5.55125 0.00000 5.55125 5.55125
4.60379 0.00000 4.60379 4.60379
1.29298 0.00000 1.29298 1.29298
-0.00000 0.00000 -0.00000 -0.00000
3.11800 0.00000 3.11800 3.11800
