# avg	std	min	max
1.27017 0.00000 1.27017 1.27017
0.24828 0.00000 0.24828 0.24828
0.66636 0.00000 0.66636 0.66636
-0.14883 0.00000 -0.14883 -0.14883
0.00280 0.00000 0.00280 0.00280
-0.54275 0.00000 -0.54275 -0.54275
-0.25309 0.00000 -0.25309 -0.25309
-0.21327 0.00000 -0.21327 -0.21327
2.90963 0.00000 2.90963 2.90963
0.32603 0.00000 0.32603 0.32603
0.04105 0.00000 0.04105 0.04105
0.87915 0.00000 0.87915 0.87915
-0.20395 0.00000 -0.20395 -0.20395
0.27237 0.00000 0.27237 0.27237
-0.11728 0.00000 -0.11728 -0.11728
0.93749 0.00000 0.93749 0.93749
0.47696 0.00000 0.47696 0.47696
-0.20678 0.00000 -0.20678 -0.20678
-0.00203 0.00000 -0.00203 -0.00203
0.39454 0.00000 0.39454 0.39454
