# avg	std	min	max
3.93404 0.00000 3.93404 3.93404
2.81796 0.00000 2.81796 2.81796
1.75854 0.00000 1.75854 1.75854
0.91311 0.00000 0.91311 0.91311
1.15807 0.00000 1.15807 1.15807
1.24166 0.00000 1.24166 1.24166
11.06350 0.00000 11.06350 11.06350
5.63082 0.00000 5.63082 5.63082
5.39407 0.00000 5.39407 5.39407
2.27095 0.00000 2.27095 2.27095
1.72279 0.00000 1.72279 1.72279
2.26801 0.00000 2.26801 2.26801
8.29776 0.00000 8.29776 8.29776
2.30236 0.00000 2.30236 2.30236
3.51129 0.00000 3.51129 3.51129
3.70530 0.00000 3.70530 3.70530
4.55074 0.00000 4.55074 4.55074
1.87161 0.00000 1.87161 1.87161
-0.18031 0.00000 -0.18031 -0.18031
7.97305 0.00000 7.97305 7.97305
