# avg	std	min	max
3.61316 0.00000 3.61316 3.61316
2.75964 0.00000 2.75964 2.75964
3.25924 0.00000 3.25924 3.25924
3.24440 0.00000 3.24440 3.24440
2.83922 0.00000 2.83922 2.83922
2.08113 0.00000 2.08113 2.08113
3.55100 0.00000 3.55100 3.55100
2.13897 0.00000 2.13897 2.13897
4.58429 0.00000 4.58429 4.58429
2.31309 0.00000 2.31309 2.31309
2.67091 0.00000 2.67091 2.67091
2.93073 0.00000 2.93073 2.93073
3.88659 0.00000 3.88659 3.88659
3.94377 0.00000 3.94377 3.94377
3.44922 0.00000 3.44922 3.44922
7.44383 0.00000 7.44383 7.44383
7.26222 0.00000 7.26222 7.26222
1.14979 0.00000 1.14979 1.14979
0.00000 0.00000 0.00000 0.00000
1.80057 0.00000 1.80057 1.80057
