# avg	std	min	max
2.15746 0.00000 2.15746 2.15746
1.02079 0.00000 1.02079 1.02079
4.18922 0.00000 4.18922 4.18922
2.91979 0.00000 2.91979 2.91979
4.14188 0.00000 4.14188 4.14188
1.65658 0.00000 1.65658 1.65658
9.59395 0.00000 9.59395 9.59395
26.54980 0.00000 26.54980 26.54980
10.05223 0.00000 10.05223 10.05223
0.00232 0.00000 0.00232 0.00232
2.57290 0.00000 2.57290 2.57290
1.42504 0.00000 1.42504 1.42504
16.41700 0.00000 16.41700 16.41700
1.98596 0.00000 1.98596 1.98596
3.93807 0.00000 3.93807 3.93807
1.89838 0.00000 1.89838 1.89838
4.33468 0.00000 4.33468 4.33468
5.88698 0.00000 5.88698 5.88698
9.44579 0.00000 9.44579 9.44579
6.68148 0.00000 6.68148 6.68148
