# avg	std	min	max
0.28185 0.00000 0.28185 0.28185
-0.26792 0.00000 -0.26792 -0.26792
3.72882 0.00000 3.72882 3.72882
3.49132 0.00000 3.49132 3.49132
8.19815 0.00000 8.19815 8.19815
3.79594 0.00000 3.79594 3.79594
23.18388 0.00000 23.18388 23.18388
37.80312 0.00000 37.80312 37.80312
8.09231 0.00000 8.09231 8.09231
-0.00010 0.00000 -0.00010 -0.00010
2.01670 0.00000 2.01670 2.01670
0.77043 0.00000 0.77043 0.77043
25.65664 0.00000 25.65664 25.65664
4.07551 0.00000 4.07551 4.07551
8.80574 0.00000 8.80574 8.80574
7.25546 0.00000 7.25546 7.25546
9.28349 0.00000 9.28349 9.28349
9.53562 0.00000 9.53562 9.53562
17.55708 0.00000 17.55708 17.55708
17.16570 0.00000 17.16570 17.16570
