# avg	std	min	max
0.03919 0.00000 0.03919 0.03919
-0.37554 0.00000 -0.37554 -0.37554
2.18040 0.00000 2.18040 2.18040
-1.29238 0.00000 -1.29238 -1.29238
2.18748 0.00000 2.18748 2.18748
-1.11918 0.00000 -1.11918 -1.11918
-1.82331 0.00000 -1.82331 -1.82331
-0.84106 0.00000 -0.84106 -0.84106
2.63431 0.00000 2.63431 2.63431
-0.00015 0.00000 -0.00015 -0.00015
1.92876 0.00000 1.92876 1.92876
-0.10012 0.00000 -0.10012 -0.10012
-1.34497 0.00000 -1.34497 -1.34497
-0.28804 0.00000 -0.28804 -0.28804
-0.24003 0.00000 -0.24003 -0.24003
-0.04998 0.00000 -0.04998 -0.04998
-0.18414 0.00000 -0.18414 -0.18414
-1.17652 0.00000 -1.17652 -1.17652
-0.72753 0.00000 -0.72753 -0.72753
-0.12970 0.00000 -0.12970 -0.12970
