# avg	std	min	max
0.07638 0.00000 0.07638 0.07638
0.85827 0.00000 0.85827 0.85827
0.26730 0.00000 0.26730 0.26730
0.65646 0.00000 0.65646 0.65646
1.16683 0.00000 1.16683 1.16683
0.39745 0.00000 0.39745 0.39745
1.37582 0.00000 1.37582 1.37582
2.28625 0.00000 2.28625 2.28625
5.30443 0.00000 5.30443 5.30443
0.00022 0.00000 0.00022 0.00022
-0.67477 0.00000 -0.67477 -0.67477
0.99133 0.00000 0.99133 0.99133
1.57252 0.00000 1.57252 1.57252
0.20003 0.00000 0.20003 0.20003
1.23124 0.00000 1.23124 1.23124
1.97840 0.00000 1.97840 1.97840
1.20108 0.00000 1.20108 1.20108
0.03490 0.00000 0.03490 0.03490
-0.69871 0.00000 -0.69871 -0.69871
2.22756 0.00000 2.22756 2.22756
