# avg	std	min	max
1.02263 0.00000 1.02263 1.02263
-0.10811 0.00000 -0.10811 -0.10811
1.66160 0.00000 1.66160 1.66160
4.04147 0.00000 4.04147 4.04147
4.95213 0.00000 4.95213 4.95213
5.55169 0.00000 5.55169 5.55169
14.43960 0.00000 14.43960 14.43960
31.51654 0.00000 31.51654 31.51654
3.95565 0.00000 3.95565 3.95565
0.00057 0.00000 0.00057 0.00057
0.84171 0.00000 0.84171 0.84171
2.29253 0.00000 2.29253 2.29253
18.65006 0.00000 18.65006 18.65006
4.13427 0.00000 4.13427 4.13427
4.79222 0.00000 4.79222 4.79222
4.90245 0.00000 4.90245 4.90245
6.49068 0.00000 6.49068 6.49068
11.79372 0.00000 11.79372 11.79372
18.66694 0.00000 18.66694 18.66694
18.00130 0.00000 18.00130 18.00130
