# avg	std	min	max
1.45849 0.00000 1.45849 1.45849
-0.13269 0.00000 -0.13269 -0.13269
1.73591 0.00000 1.73591 1.73591
5.74804 0.00000 5.74804 5.74804
3.75860 0.00000 3.75860 3.75860
3.10896 0.00000 3.10896 3.10896
14.64064 0.00000 14.64064 14.64064
11.20625 0.00000 11.20625 11.20625
3.84716 0.00000 3.84716 3.84716
-0.00479 0.00000 -0.00479 -0.00479
2.04464 0.00000 2.04464 2.04464
1.53932 0.00000 1.53932 1.53932
17.42540 0.00000 17.42540 17.42540
7.31744 0.00000 7.31744 7.31744
6.59929 0.00000 6.59929 6.59929
9.19785 0.00000 9.19785 9.19785
8.19356 0.00000 8.19356 8.19356
5.78592 0.00000 5.78592 5.78592
9.30646 0.00000 9.30646 9.30646
20.53646 0.00000 20.53646 20.53646
