# avg	std	min	max
0.08093 0.00000 0.08093 0.08093
-0.79969 0.00000 -0.79969 -0.79969
-0.28921 0.00000 -0.28921 -0.28921
-1.24953 0.00000 -1.24953 -1.24953
-0.84826 0.00000 -0.84826 -0.84826
-1.16034 0.00000 -1.16034 -1.16034
-0.96052 0.00000 -0.96052 -0.96052
-0.65736 0.00000 -0.65736 -0.65736
3.53124 0.00000 3.53124 3.53124
0.00002 0.00000 0.00002 0.00002
-0.20089 0.00000 -0.20089 -0.20089
0.12297 0.00000 0.12297 0.12297
-0.88223 0.00000 -0.88223 -0.88223
-0.74808 0.00000 -0.74808 -0.74808
-1.07820 0.00000 -1.07820 -1.07820
0.04419 0.00000 0.04419 0.04419
-0.53232 0.00000 -0.53232 -0.53232
-1.03240 0.00000 -1.03240 -1.03240
-1.11043 0.00000 -1.11043 -1.11043
-1.09251 0.00000 -1.09251 -1.09251
