# avg	std	min	max
0.45473 0.00000 0.45473 0.45473
0.10548 0.00000 0.10548 0.10548
-0.19337 0.00000 -0.19337 -0.19337
-0.16297 0.00000 -0.16297 -0.16297
0.18680 0.00000 0.18680 0.18680
-0.47366 0.00000 -0.47366 -0.47366
-0.16887 0.00000 -0.16887 -0.16887
-0.23081 0.00000 -0.23081 -0.23081
1.91360 0.00000 1.91360 1.91360
-0.00021 0.00000 -0.00021 -0.00021
0.54344 0.00000 0.54344 0.54344
0.29057 0.00000 0.29057 0.29057
-0.25706 0.00000 -0.25706 -0.25706
0.17578 0.00000 0.17578 0.17578
0.22770 0.00000 0.22770 0.22770
0.51325 0.00000 0.51325 0.51325
0.04196 0.00000 0.04196 0.04196
-0.18003 0.00000 -0.18003 -0.18003
0.01760 0.00000 0.01760 0.01760
0.40923 0.00000 0.40923 0.40923
