# avg	std	min	max
0.02260 0.00000 0.02260 0.02260
-0.20726 0.00000 -0.20726 -0.20726
-0.11743 0.00000 -0.11743 -0.11743
-0.28896 0.00000 -0.28896 -0.28896
-0.19665 0.00000 -0.19665 -0.19665
-0.49376 0.00000 -0.49376 -0.49376
-1.02132 0.00000 -1.02132 -1.02132
-0.99175 0.00000 -0.99175 -0.99175
-1.41704 0.00000 -1.41704 -1.41704
0.00009 0.00000 0.00009 0.00009
-0.13309 0.00000 -0.13309 -0.13309
-0.04356 0.00000 -0.04356 -0.04356
-0.69253 0.00000 -0.69253 -0.69253
-0.20890 0.00000 -0.20890 -0.20890
-0.26946 0.00000 -0.26946 -0.26946
-0.72308 0.00000 -0.72308 -0.72308
-0.21169 0.00000 -0.21169 -0.21169
-0.42645 0.00000 -0.42645 -0.42645
-0.67657 0.00000 -0.67657 -0.67657
0.00867 0.00000 0.00867 0.00867
