# avg	std	min	max
2.56828 0.00000 2.56828 2.56828
1.71350 0.00000 1.71350 1.71350
3.86368 0.00000 3.86368 3.86368
1.71901 0.00000 1.71901 1.71901
3.14496 0.00000 3.14496 3.14496
0.83063 0.00000 0.83063 0.83063
1.75135 0.00000 1.75135 1.75135
2.33689 0.00000 2.33689 2.33689
5.11442 0.00000 5.11442 5.11442
0.00496 0.00000 0.00496 0.00496
1.27875 0.00000 1.27875 1.27875
2.17460 0.00000 2.17460 2.17460
1.34226 0.00000 1.34226 1.34226
1.19270 0.00000 1.19270 1.19270
1.86376 0.00000 1.86376 1.86376
2.27082 0.00000 2.27082 2.27082
2.06873 0.00000 2.06873 2.06873
1.79486 0.00000 1.79486 1.79486
1.85164 0.00000 1.85164 1.85164
1.82506 0.00000 1.82506 1.82506
