# avg	std	min	max
1.06229 0.00000 1.06229 1.06229
-0.35515 0.00000 -0.35515 -0.35515
0.51896 0.00000 0.51896 0.51896
2.94422 0.00000 2.94422 2.94422
1.00971 0.00000 1.00971 1.00971
1.78336 0.00000 1.78336 1.78336
8.79855 0.00000 8.79855 8.79855
10.66269 0.00000 10.66269 10.66269
7.70030 0.00000 7.70030 7.70030
0.00215 0.00000 0.00215 0.00215
1.14134 0.00000 1.14134 1.14134
0.12649 0.00000 0.12649 0.12649
10.66841 0.00000 10.66841 10.66841
3.29928 0.00000 3.29928 3.29928
5.35605 0.00000 5.35605 5.35605
4.80523 0.00000 4.80523 4.80523
5.49906 0.00000 5.49906 5.49906
4.22811 0.00000 4.22811 4.22811
4.95632 0.00000 4.95632 4.95632
11.44132 0.00000 11.44132 11.44132
