# avg	std	min	max
0.22577 0.00000 0.22577 0.22577
-1.59439 0.00000 -1.59439 -1.59439
-0.39332 0.00000 -0.39332 -0.39332
5.75908 0.00000 5.75908 5.75908
1.73033 0.00000 1.73033 1.73033
5.26458 0.00000 5.26458 5.26458
13.03478 0.00000 13.03478 13.03478
19.22064 0.00000 19.22064 19.22064
2.86548 0.00000 2.86548 2.86548
-0.00016 0.00000 -0.00016 -0.00016
-0.27101 0.00000 -0.27101 -0.27101
-1.51977 0.00000 -1.51977 -1.51977
16.62994 0.00000 16.62994 16.62994
1.30618 0.00000 1.30618 1.30618
6.81517 0.00000 6.81517 6.81517
2.94374 0.00000 2.94374 2.94374
8.36016 0.00000 8.36016 8.36016
7.12334 0.00000 7.12334 7.12334
8.32795 0.00000 8.32795 8.32795
14.42592 0.00000 14.42592 14.42592
