# avg	std	min	max
2.10127 0.00000 2.10127 2.10127
0.42931 0.00000 0.42931 0.42931
4.21057 0.00000 4.21057 4.21057
9.17593 0.00000 9.17593 9.17593
5.23344 0.00000 5.23344 5.23344
7.31616 0.00000 7.31616 7.31616
39.90012 0.00000 39.90012 39.90012
52.24866 0.00000 52.24866 52.24866
5.05463 0.00000 5.05463 5.05463
0.00017 0.00000 0.00017 0.00017
-0.05933 0.00000 -0.05933 -0.05933
3.05063 0.00000 3.05063 3.05063
49.80382 0.00000 49.80382 49.80382
9.42014 0.00000 9.42014 9.42014
11.13926 0.00000 11.13926 11.13926
10.71312 0.00000 10.71312 10.71312
11.86374 0.00000 11.86374 11.86374
13.62348 0.00000 13.62348 13.62348
21.21196 0.00000 21.21196 21.21196
29.38988 0.00000 29.38988 29.38988
