# avg	std	min	max
-0.06559 0.00000 -0.06559 -0.06559
-0.20814 0.00000 -0.20814 -0.20814
0.65252 0.00000 0.65252 0.65252
0.34282 0.00000 0.34282 0.34282
0.49218 0.00000 0.49218 0.49218
0.02517 0.00000 0.02517 0.02517
-0.08923 0.00000 -0.08923 -0.08923
-0.05507 0.00000 -0.05507 -0.05507
1.57342 0.00000 1.57342 1.57342
-0.02908 0.00000 -0.02908 -0.02908
0.42178 0.00000 0.42178 0.42178
-0.11254 0.00000 -0.11254 -0.11254
-0.00849 0.00000 -0.00849 -0.00849
-0.12487 0.00000 -0.12487 -0.12487
0.17660 0.00000 0.17660 0.17660
0.30353 0.00000 0.30353 0.30353
0.47086 0.00000 0.47086 0.47086
0.04683 0.00000 0.04683 0.04683
-0.60203 0.00000 -0.60203 -0.60203
0.09030 0.00000 0.09030 0.09030
