# avg	std	min	max
1.41295 0.00000 1.41295 1.41295
0.66223 0.00000 0.66223 0.66223
0.11065 0.00000 0.11065 0.11065
-0.06247 0.00000 -0.06247 -0.06247
-0.20216 0.00000 -0.20216 -0.20216
-0.42201 0.00000 -0.42201 -0.42201
1.65229 0.00000 1.65229 1.65229
2.59963 0.00000 2.59963 2.59963
1.61353 0.00000 1.61353 1.61353
-0.00190 0.00000 -0.00190 -0.00190
-0.64185 0.00000 -0.64185 -0.64185
0.21336 0.00000 0.21336 0.21336
2.46295 0.00000 2.46295 2.46295
-0.05208 0.00000 -0.05208 -0.05208
0.61636 0.00000 0.61636 0.61636
3.86981 0.00000 3.86981 3.86981
1.88436 0.00000 1.88436 1.88436
-0.25649 0.00000 -0.25649 -0.25649
-1.61290 0.00000 -1.61290 -1.61290
0.83041 0.00000 0.83041 0.83041
