# avg	std	min	max
1.89770 0.00000 1.89770 1.89770
0.69247 0.00000 0.69247 0.69247
5.00664 0.00000 5.00664 5.00664
7.82935 0.00000 7.82935 7.82935
6.76368 0.00000 6.76368 6.76368
6.16060 0.00000 6.16060 6.16060
19.81926 0.00000 19.81926 19.81926
27.41734 0.00000 27.41734 27.41734
5.49580 0.00000 5.49580 5.49580
0.04136 0.00000 0.04136 0.04136
3.99776 0.00000 3.99776 3.99776
1.67380 0.00000 1.67380 1.67380
24.59018 0.00000 24.59018 24.59018
6.07010 0.00000 6.07010 6.07010
7.86162 0.00000 7.86162 7.86162
6.55022 0.00000 6.55022 6.55022
9.99637 0.00000 9.99637 9.99637
8.68480 0.00000 8.68480 8.68480
9.80628 0.00000 9.80628 9.80628
17.00638 0.00000 17.00638 17.00638
