# avg	std	min	max
0.37163 0.00000 0.37163 0.37163
-0.75242 0.00000 -0.75242 -0.75242
-0.91630 0.00000 -0.91630 -0.91630
-1.01365 0.00000 -1.01365 -1.01365
-1.20522 0.00000 -1.20522 -1.20522
-1.75597 0.00000 -1.75597 -1.75597
0.95589 0.00000 0.95589 0.95589
0.46600 0.00000 0.46600 0.46600
1.36054 0.00000 1.36054 1.36054
0.60579 0.00000 0.60579 0.60579
0.00150 0.00000 0.00150 0.00150
-0.31248 0.00000 -0.31248 -0.31248
1.04974 0.00000 1.04974 1.04974
0.85546 0.00000 0.85546 0.85546
-0.87782 0.00000 -0.87782 -0.87782
1.12793 0.00000 1.12793 1.12793
0.21099 0.00000 0.21099 0.21099
-0.24090 0.00000 -0.24090 -0.24090
-1.14302 0.00000 -1.14302 -1.14302
1.66486 0.00000 1.66486 1.66486
