# avg	std	min	max
2.03576 0.00000 2.03576 2.03576
0.22036 0.00000 0.22036 0.22036
-0.46148 0.00000 -0.46148 -0.46148
4.00496 0.00000 4.00496 4.00496
2.56781 0.00000 2.56781 2.56781
2.27032 0.00000 2.27032 2.27032
4.38763 0.00000 4.38763 4.38763
9.92192 0.00000 9.92192 9.92192
5.15041 0.00000 5.15041 5.15041
0.93166 0.00000 0.93166 0.93166
-0.00107 0.00000 -0.00107 -0.00107
1.09728 0.00000 1.09728 1.09728
5.03318 0.00000 5.03318 5.03318
3.52591 0.00000 3.52591 3.52591
3.77294 0.00000 3.77294 3.77294
5.39197 0.00000 5.39197 5.39197
5.72925 0.00000 5.72925 5.72925
2.42078 0.00000 2.42078 2.42078
1.65295 0.00000 1.65295 1.65295
8.79608 0.00000 8.79608 8.79608
