# avg	std	min	max
1.83579 0.00000 1.83579 1.83579
-0.09832 0.00000 -0.09832 -0.09832
-1.68761 0.00000 -1.68761 -1.68761
-0.34649 0.00000 -0.34649 -0.34649
-1.89660 0.00000 -1.89660 -1.89660
-1.85298 0.00000 -1.85298 -1.85298
12.13028 0.00000 12.13028 12.13028
8.84145 0.00000 8.84145 8.84145
3.99355 0.00000 3.99355 3.99355
1.19255 0.00000 1.19255 1.19255
0.00385 0.00000 0.00385 0.00385
0.25368 0.00000 0.25368 0.25368
13.63868 0.00000 13.63868 13.63868
1.83986 0.00000 1.83986 1.83986
2.29652 0.00000 2.29652 2.29652
2.94473 0.00000 2.94473 2.94473
3.45902 0.00000 3.45902 3.45902
0.89904 0.00000 0.89904 0.89904
3.09869 0.00000 3.09869 3.09869
8.29149 0.00000 8.29149 8.29149
