# avg	std	min	max
1.58102 0.00000 1.58102 1.58102
0.40490 0.00000 0.40490 0.40490
-1.02410 0.00000 -1.02410 -1.02410
-1.13395 0.00000 -1.13395 -1.13395
-1.70106 0.00000 -1.70106 -1.70106
-0.72477 0.00000 -0.72477 -0.72477
-0.08488 0.00000 -0.08488 -0.08488
0.81650 0.00000 0.81650 0.81650
-0.09291 0.00000 -0.09291 -0.09291
1.61993 0.00000 1.61993 1.61993
-0.00070 0.00000 -0.00070 -0.00070
-0.10761 0.00000 -0.10761 -0.10761
0.15655 0.00000 0.15655 0.15655
1.32611 0.00000 1.32611 1.32611
-0.18930 0.00000 -0.18930 -0.18930
1.25589 0.00000 1.25589 1.25589
-0.16665 0.00000 -0.16665 -0.16665
-0.15286 0.00000 -0.15286 -0.15286
0.37125 0.00000 0.37125 0.37125
1.07853 0.00000 1.07853 1.07853
