# avg	std	min	max
1.44212 0.00000 1.44212 1.44212
-0.13711 0.00000 -0.13711 -0.13711
-0.03582 0.00000 -0.03582 -0.03582
1.32827 0.00000 1.32827 1.32827
0.39008 0.00000 0.39008 0.39008
-0.85874 0.00000 -0.85874 -0.85874
13.05908 0.00000 13.05908 13.05908
8.95825 0.00000 8.95825 8.95825
5.31291 0.00000 5.31291 5.31291
0.71993 0.00000 0.71993 0.71993
-0.00249 0.00000 -0.00249 -0.00249
0.54304 0.00000 0.54304 0.54304
13.75190 0.00000 13.75190 13.75190
0.61046 0.00000 0.61046 0.61046
0.65481 0.00000 0.65481 0.65481
2.74487 0.00000 2.74487 2.74487
2.14100 0.00000 2.14100 2.14100
-0.06959 0.00000 -0.06959 -0.06959
-0.67784 0.00000 -0.67784 -0.67784
7.04642 0.00000 7.04642 7.04642
