# avg	std	min	max
0.11177 0.00000 0.11177 0.11177
-1.11593 0.00000 -1.11593 -1.11593
-0.91088 0.00000 -0.91088 -0.91088
-2.08924 0.00000 -2.08924 -2.08924
-1.98119 0.00000 -1.98119 -1.98119
-2.30972 0.00000 -2.30972 -2.30972
-1.44671 0.00000 -1.44671 -1.44671
-0.95857 0.00000 -0.95857 -0.95857
3.25507 0.00000 3.25507 3.25507
0.30965 0.00000 0.30965 0.30965
0.03373 0.00000 0.03373 0.03373
-0.32197 0.00000 -0.32197 -0.32197
-1.34643 0.00000 -1.34643 -1.34643
-0.71055 0.00000 -0.71055 -0.71055
-1.43335 0.00000 -1.43335 -1.43335
0.66605 0.00000 0.66605 0.66605
-0.59154 0.00000 -0.59154 -0.59154
-2.88006 0.00000 -2.88006 -2.88006
-2.09077 0.00000 -2.09077 -2.09077
-0.77685 0.00000 -0.77685 -0.77685
