# avg	std	min	max
0.55543 0.00000 0.55543 0.55543
-0.82433 0.00000 -0.82433 -0.82433
0.06665 0.00000 0.06665 0.06665
-0.80288 0.00000 -0.80288 -0.80288
0.39316 0.00000 0.39316 0.39316
-0.81434 0.00000 -0.81434 -0.81434
-0.84755 0.00000 -0.84755 -0.84755
-0.87608 0.00000 -0.87608 -0.87608
6.21921 0.00000 6.21921 6.21921
0.14457 0.00000 0.14457 0.14457
0.00130 0.00000 0.00130 0.00130
0.23932 0.00000 0.23932 0.23932
-0.66706 0.00000 -0.66706 -0.66706
0.93794 0.00000 0.93794 0.93794
0.28224 0.00000 0.28224 0.28224
1.61250 0.00000 1.61250 1.61250
0.04450 0.00000 0.04450 0.04450
-0.95527 0.00000 -0.95527 -0.95527
-0.81632 0.00000 -0.81632 -0.81632
0.52622 0.00000 0.52622 0.52622
