# avg	std	min	max
-0.02889 0.00000 -0.02889 -0.02889
-0.54837 0.00000 -0.54837 -0.54837
-0.44935 0.00000 -0.44935 -0.44935
-1.12882 0.00000 -1.12882 -1.12882
-1.01556 0.00000 -1.01556 -1.01556
-1.08129 0.00000 -1.08129 -1.08129
-1.07537 0.00000 -1.07537 -1.07537
-0.93306 0.00000 -0.93306 -0.93306
3.24504 0.00000 3.24504 3.24504
0.09127 0.00000 0.09127 0.09127
0.00007 0.00000 0.00007 0.00007
0.06369 0.00000 0.06369 0.06369
-0.90492 0.00000 -0.90492 -0.90492
-0.11751 0.00000 -0.11751 -0.11751
-1.04198 0.00000 -1.04198 -1.04198
0.24519 0.00000 0.24519 0.24519
-0.87208 0.00000 -0.87208 -0.87208
-1.01935 0.00000 -1.01935 -1.01935
-1.04434 0.00000 -1.04434 -1.04434
-0.78674 0.00000 -0.78674 -0.78674
