# avg	std	min	max
-0.83193 0.00000 -0.83193 -0.83193
0.14358 0.00000 0.14358 0.14358
1.49349 0.00000 1.49349 1.49349
0.37773 0.00000 0.37773 0.37773
0.96430 0.00000 0.96430 0.96430
0.92229 0.00000 0.92229 0.92229
0.04434 0.00000 0.04434 0.04434
0.32075 0.00000 0.32075 0.32075
0.79527 0.00000 0.79527 0.79527
-1.17993 0.00000 -1.17993 -1.17993
0.00011 0.00000 0.00011 0.00011
1.26321 0.00000 1.26321 1.26321
-0.07615 0.00000 -0.07615 -0.07615
-0.75901 0.00000 -0.75901 -0.75901
0.49420 0.00000 0.49420 0.49420
-2.48396 0.00000 -2.48396 -2.48396
-1.32324 0.00000 -1.32324 -1.32324
0.87673 0.00000 0.87673 0.87673
-0.23226 0.00000 -0.23226 -0.23226
0.87460 0.00000 0.87460 0.87460
