# avg	std	min	max
2.31964 0.00000 2.31964 2.31964
0.38274 0.00000 0.38274 0.38274
-1.16300 0.00000 -1.16300 -1.16300
0.42542 0.00000 0.42542 0.42542
-0.80556 0.00000 -0.80556 -0.80556
1.36238 0.00000 1.36238 1.36238
12.34416 0.00000 12.34416 12.34416
20.03996 0.00000 20.03996 20.03996
6.92381 0.00000 6.92381 6.92381
1.73457 0.00000 1.73457 1.73457
0.00183 0.00000 0.00183 0.00183
0.89633 0.00000 0.89633 0.89633
13.78904 0.00000 13.78904 13.78904
1.35141 0.00000 1.35141 1.35141
1.26323 0.00000 1.26323 1.26323
3.52608 0.00000 3.52608 3.52608
4.41869 0.00000 4.41869 4.41869
1.62259 0.00000 1.62259 1.62259
2.77563 0.00000 2.77563 2.77563
6.77378 0.00000 6.77378 6.77378
