# avg	std	min	max
1.35224 0.00000 1.35224 1.35224
-0.12845 0.00000 -0.12845 -0.12845
0.37244 0.00000 0.37244 0.37244
-0.21504 0.00000 -0.21504 -0.21504
2.17021 0.00000 2.17021 2.17021
0.65199 0.00000 0.65199 0.65199
11.91910 0.00000 11.91910 11.91910
23.79126 0.00000 23.79126 23.79126
1.29657 0.00000 1.29657 1.29657
1.25346 0.00000 1.25346 1.25346
0.01550 0.00000 0.01550 0.01550
0.38767 0.00000 0.38767 0.38767
18.32338 0.00000 18.32338 18.32338
1.83861 0.00000 1.83861 1.83861
5.00774 0.00000 5.00774 5.00774
2.41480 0.00000 2.41480 2.41480
5.53841 0.00000 5.53841 5.53841
6.21949 0.00000 6.21949 6.21949
6.10046 0.00000 6.10046 6.10046
7.62618 0.00000 7.62618 7.62618
