# avg	std	min	max
-0.56259 0.00000 -0.56259 -0.56259
-0.19203 0.00000 -0.19203 -0.19203
0.11021 0.00000 0.11021 0.11021
-0.59090 0.00000 -0.59090 -0.59090
-0.13543 0.00000 -0.13543 -0.13543
-0.31374 0.00000 -0.31374 -0.31374
-0.13392 0.00000 -0.13392 -0.13392
0.30192 0.00000 0.30192 0.30192
-0.05644 0.00000 -0.05644 -0.05644
-0.69868 0.00000 -0.69868 -0.69868
0.00211 0.00000 0.00211 0.00211
0.24985 0.00000 0.24985 0.24985
-0.07354 0.00000 -0.07354 -0.07354
-0.18932 0.00000 -0.18932 -0.18932
-0.50368 0.00000 -0.50368 -0.50368
-0.94334 0.00000 -0.94334 -0.94334
-0.74250 0.00000 -0.74250 -0.74250
-0.38178 0.00000 -0.38178 -0.38178
-0.26069 0.00000 -0.26069 -0.26069
0.36679 0.00000 0.36679 0.36679
