# avg	std	min	max
3.07659 0.00000 3.07659 3.07659
1.98277 0.00000 1.98277 1.98277
3.22596 0.00000 3.22596 3.22596
5.66921 0.00000 5.66921 5.66921
3.50678 0.00000 3.50678 3.50678
1.59297 0.00000 1.59297 1.59297
13.53537 0.00000 13.53537 13.53537
16.04848 0.00000 16.04848 16.04848
4.53067 0.00000 4.53067 4.53067
1.20749 0.00000 1.20749 1.20749
-0.00312 0.00000 -0.00312 -0.00312
1.91809 0.00000 1.91809 1.91809
13.83390 0.00000 13.83390 13.83390
4.57085 0.00000 4.57085 4.57085
3.38567 0.00000 3.38567 3.38567
3.24757 0.00000 3.24757 3.24757
2.40180 0.00000 2.40180 2.40180
4.05462 0.00000 4.05462 4.05462
6.24457 0.00000 6.24457 6.24457
12.62652 0.00000 12.62652 12.62652
