# avg	std	min	max
3.24397 0.00000 3.24397 3.24397
3.25855 0.00000 3.25855 3.25855
3.36504 0.00000 3.36504 3.36504
3.13476 0.00000 3.13476 3.13476
3.55269 0.00000 3.55269 3.55269
3.42325 0.00000 3.42325 3.42325
4.06944 0.00000 4.06944 4.06944
8.35651 0.00000 8.35651 8.35651
4.76836 0.00000 4.76836 4.76836
0.83927 0.00000 0.83927 0.83927
-0.01412 0.00000 -0.01412 -0.01412
3.46358 0.00000 3.46358 3.46358
3.88908 0.00000 3.88908 3.88908
2.75600 0.00000 2.75600 2.75600
4.21200 0.00000 4.21200 4.21200
2.94059 0.00000 2.94059 2.94059
4.47908 0.00000 4.47908 4.47908
3.39198 0.00000 3.39198 3.39198
2.78568 0.00000 2.78568 2.78568
4.68913 0.00000 4.68913 4.68913
