# avg	std	min	max
2.54176 0.00000 2.54176 2.54176
0.95110 0.00000 0.95110 0.95110
-0.72926 0.00000 -0.72926 -0.72926
0.01331 0.00000 0.01331 0.01331
0.21061 0.00000 0.21061 0.21061
-0.06846 0.00000 -0.06846 -0.06846
6.21392 0.00000 6.21392 6.21392
8.33458 0.00000 8.33458 8.33458
4.63705 0.00000 4.63705 4.63705
1.71667 0.00000 1.71667 1.71667
-0.00418 0.00000 -0.00418 -0.00418
0.85432 0.00000 0.85432 0.85432
13.69922 0.00000 13.69922 13.69922
1.41006 0.00000 1.41006 1.41006
1.06871 0.00000 1.06871 1.06871
3.06197 0.00000 3.06197 3.06197
4.87178 0.00000 4.87178 4.87178
1.97346 0.00000 1.97346 1.97346
0.56809 0.00000 0.56809 0.56809
5.77748 0.00000 5.77748 5.77748
