# avg	std	min	max
2.73303 0.00000 2.73303 2.73303
1.08986 0.00000 1.08986 1.08986
0.20246 0.00000 0.20246 0.20246
0.10601 0.00000 0.10601 0.10601
-0.20087 0.00000 -0.20087 -0.20087
0.32211 0.00000 0.32211 0.32211
7.88417 0.00000 7.88417 7.88417
10.46370 0.00000 10.46370 10.46370
9.13792 0.00000 9.13792 9.13792
2.74372 0.00000 2.74372 2.74372
0.01050 0.00000 0.01050 0.01050
0.50032 0.00000 0.50032 0.50032
14.39518 0.00000 14.39518 14.39518
1.96721 0.00000 1.96721 1.96721
3.30278 0.00000 3.30278 3.30278
2.87802 0.00000 2.87802 2.87802
5.00429 0.00000 5.00429 5.00429
2.35594 0.00000 2.35594 2.35594
3.65045 0.00000 3.65045 3.65045
9.39647 0.00000 9.39647 9.39647
