# avg	std	min	max
-1.25075 0.00000 -1.25075 -1.25075
-1.43654 0.00000 -1.43654 -1.43654
-1.03604 0.00000 -1.03604 -1.03604
-2.95857 0.00000 -2.95857 -2.95857
-2.13806 0.00000 -2.13806 -2.13806
-2.56596 0.00000 -2.56596 -2.56596
-2.08384 0.00000 -2.08384 -2.08384
1.73501 0.00000 1.73501 1.73501
4.44005 0.00000 4.44005 4.44005
-0.43800 0.00000 -0.43800 -0.43800
-0.00560 0.00000 -0.00560 -0.00560
-1.12936 0.00000 -1.12936 -1.12936
-1.75840 0.00000 -1.75840 -1.75840
-0.51838 0.00000 -0.51838 -0.51838
-1.98220 0.00000 -1.98220 -1.98220
0.62836 0.00000 0.62836 0.62836
-0.62093 0.00000 -0.62093 -0.62093
-2.17704 0.00000 -2.17704 -2.17704
-3.02847 0.00000 -3.02847 -3.02847
0.55086 0.00000 0.55086 0.55086
