# avg	std	min	max
-0.73796 0.00000 -0.73796 -0.73796
-0.22225 0.00000 -0.22225 -0.22225
-0.21631 0.00000 -0.21631 -0.21631
-0.40698 0.00000 -0.40698 -0.40698
-0.67676 0.00000 -0.67676 -0.67676
-0.87313 0.00000 -0.87313 -0.87313
-0.89509 0.00000 -0.89509 -0.89509
-0.54107 0.00000 -0.54107 -0.54107
3.86395 0.00000 3.86395 3.86395
-0.40355 0.00000 -0.40355 -0.40355
0.00027 0.00000 0.00027 0.00027
-0.34345 0.00000 -0.34345 -0.34345
-0.77271 0.00000 -0.77271 -0.77271
-0.03920 0.00000 -0.03920 -0.03920
-0.36597 0.00000 -0.36597 -0.36597
1.27778 0.00000 1.27778 1.27778
0.44657 0.00000 0.44657 0.44657
-0.65959 0.00000 -0.65959 -0.65959
-0.70894 0.00000 -0.70894 -0.70894
-0.74681 0.00000 -0.74681 -0.74681
