# avg	std	min	max
-0.36166 0.00000 -0.36166 -0.36166
-0.28199 0.00000 -0.28199 -0.28199
-0.03008 0.00000 -0.03008 -0.03008
-0.59252 0.00000 -0.59252 -0.59252
-0.15742 0.00000 -0.15742 -0.15742
-0.59632 0.00000 -0.59632 -0.59632
-0.70448 0.00000 -0.70448 -0.70448
-0.78307 0.00000 -0.78307 -0.78307
-1.42363 0.00000 -1.42363 -1.42363
-0.32203 0.00000 -0.32203 -0.32203
-0.00010 0.00000 -0.00010 -0.00010
-0.42150 0.00000 -0.42150 -0.42150
-0.59919 0.00000 -0.59919 -0.59919
-0.02746 0.00000 -0.02746 -0.02746
-0.32818 0.00000 -0.32818 -0.32818
-0.01499 0.00000 -0.01499 -0.01499
-0.17617 0.00000 -0.17617 -0.17617
-0.60767 0.00000 -0.60767 -0.60767
-0.51683 0.00000 -0.51683 -0.51683
-0.08780 0.00000 -0.08780 -0.08780
