# avg	std	min	max
0.94276 0.00000 0.94276 0.94276
0.48877 0.00000 0.48877 0.48877
-0.03618 0.00000 -0.03618 -0.03618
-0.34075 0.00000 -0.34075 -0.34075
-0.52796 0.00000 -0.52796 -0.52796
-0.69075 0.00000 -0.69075 -0.69075
-0.49550 0.00000 -0.49550 -0.49550
-0.10983 0.00000 -0.10983 -0.10983
1.25693 0.00000 1.25693 1.25693
0.36395 0.00000 0.36395 0.36395
0.00005 0.00000 0.00005 0.00005
0.33241 0.00000 0.33241 0.33241
-0.40262 0.00000 -0.40262 -0.40262
0.59122 0.00000 0.59122 0.59122
0.13529 0.00000 0.13529 0.13529
0.74035 0.00000 0.74035 0.74035
0.43609 0.00000 0.43609 0.43609
-0.19028 0.00000 -0.19028 -0.19028
-0.29628 0.00000 -0.29628 -0.29628
0.39608 0.00000 0.39608 0.39608
