# avg	std	min	max
3.45901 0.00000 3.45901 3.45901
2.35581 0.00000 2.35581 2.35581
-0.00107 0.00000 -0.00107 -0.00107
-0.19921 0.00000 -0.19921 -0.19921
-0.63023 0.00000 -0.63023 -0.63023
0.17463 0.00000 0.17463 0.17463
6.74820 0.00000 6.74820 6.74820
22.90070 0.00000 22.90070 22.90070
5.70342 0.00000 5.70342 5.70342
3.68980 0.00000 3.68980 3.68980
2.50383 0.00000 2.50383 2.50383
2.02161 0.00000 2.02161 2.02161
7.84953 0.00000 7.84953 7.84953
2.99320 0.00000 2.99320 2.99320
3.35482 0.00000 3.35482 3.35482
4.05743 0.00000 4.05743 4.05743
3.50461 0.00000 3.50461 3.50461
4.46276 0.00000 4.46276 4.46276
12.57672 0.00000 12.57672 12.57672
4.26104 0.00000 4.26104 4.26104
