# avg	std	min	max
4.52880 0.00000 4.52880 4.52880
2.52295 0.00000 2.52295 2.52295
0.00120 0.00000 0.00120 0.00120
-0.06288 0.00000 -0.06288 -0.06288
-0.87194 0.00000 -0.87194 -0.87194
-0.28687 0.00000 -0.28687 -0.28687
6.04714 0.00000 6.04714 6.04714
13.15428 0.00000 13.15428 13.15428
3.62582 0.00000 3.62582 3.62582
3.20414 0.00000 3.20414 3.20414
2.06081 0.00000 2.06081 2.06081
2.50465 0.00000 2.50465 2.50465
10.21852 0.00000 10.21852 10.21852
3.00806 0.00000 3.00806 3.00806
3.06282 0.00000 3.06282 3.06282
3.52215 0.00000 3.52215 3.52215
3.23791 0.00000 3.23791 3.23791
6.24986 0.00000 6.24986 6.24986
8.50788 0.00000 8.50788 8.50788
6.00743 0.00000 6.00743 6.00743
