# avg	std	min	max
3.54897 0.00000 3.54897 3.54897
1.66646 0.00000 1.66646 1.66646
-0.00088 0.00000 -0.00088 -0.00088
1.75676 0.00000 1.75676 1.75676
1.71614 0.00000 1.71614 1.71614
2.06172 0.00000 2.06172 2.06172
10.33810 0.00000 10.33810 10.33810
20.62311 0.00000 20.62311 20.62311
2.02597 0.00000 2.02597 2.02597
2.70943 0.00000 2.70943 2.70943
1.51714 0.00000 1.51714 1.51714
1.63310 0.00000 1.63310 1.63310
21.28348 0.00000 21.28348 21.28348
2.57457 0.00000 2.57457 2.57457
4.25834 0.00000 4.25834 4.25834
4.52968 0.00000 4.52968 4.52968
7.16825 0.00000 7.16825 7.16825
7.29560 0.00000 7.29560 7.29560
4.53058 0.00000 4.53058 4.53058
10.43145 0.00000 10.43145 10.43145
