# avg	std	min	max
4.50343 0.00000 4.50343 4.50343
2.60705 0.00000 2.60705 2.60705
-0.00417 0.00000 -0.00417 -0.00417
-0.84055 0.00000 -0.84055 -0.84055
-1.09584 0.00000 -1.09584 -1.09584
-0.68995 0.00000 -0.68995 -0.68995
1.71066 0.00000 1.71066 1.71066
9.99480 0.00000 9.99480 9.99480
6.06797 0.00000 6.06797 6.06797
4.49785 0.00000 4.49785 4.49785
2.24455 0.00000 2.24455 2.24455
2.70173 0.00000 2.70173 2.70173
6.46530 0.00000 6.46530 6.46530
3.43563 0.00000 3.43563 3.43563
2.90211 0.00000 2.90211 2.90211
4.37659 0.00000 4.37659 4.37659
3.79632 0.00000 3.79632 3.79632
4.54870 0.00000 4.54870 4.54870
8.61505 0.00000 8.61505 8.61505
2.69368 0.00000 2.69368 2.69368
