# avg	std	min	max
0.56114 0.00000 0.56114 0.56114
0.16274 0.00000 0.16274 0.16274
-0.00101 0.00000 -0.00101 -0.00101
-0.19352 0.00000 -0.19352 -0.19352
-0.22622 0.00000 -0.22622 -0.22622
-0.27434 0.00000 -0.27434 -0.27434
-0.58461 0.00000 -0.58461 -0.58461
-0.02735 0.00000 -0.02735 -0.02735
-0.71959 0.00000 -0.71959 -0.71959
0.35111 0.00000 0.35111 0.35111
0.14035 0.00000 0.14035 0.14035
0.19739 0.00000 0.19739 0.19739
-0.33074 0.00000 -0.33074 -0.33074
0.25198 0.00000 0.25198 0.25198
-0.12111 0.00000 -0.12111 -0.12111
0.16486 0.00000 0.16486 0.16486
-0.08085 0.00000 -0.08085 -0.08085
-0.16956 0.00000 -0.16956 -0.16956
-0.19288 0.00000 -0.19288 -0.19288
0.15749 0.00000 0.15749 0.15749
