# avg	std	min	max
3.70141 0.00000 3.70141 3.70141
1.91528 0.00000 1.91528 1.91528
0.00050 0.00000 0.00050 0.00050
1.65869 0.00000 1.65869 1.65869
-0.52807 0.00000 -0.52807 -0.52807
1.76592 0.00000 1.76592 1.76592
11.76295 0.00000 11.76295 11.76295
25.10660 0.00000 25.10660 25.10660
8.93721 0.00000 8.93721 8.93721
2.82649 0.00000 2.82649 2.82649
2.44310 0.00000 2.44310 2.44310
1.85529 0.00000 1.85529 1.85529
19.24538 0.00000 19.24538 19.24538
4.09988 0.00000 4.09988 4.09988
4.49945 0.00000 4.49945 4.49945
4.21488 0.00000 4.21488 4.21488
5.52226 0.00000 5.52226 5.52226
5.68800 0.00000 5.68800 5.68800
5.26023 0.00000 5.26023 5.26023
8.95899 0.00000 8.95899 8.95899
