# avg	std	min	max
3.62414 0.00000 3.62414 3.62414
1.97067 0.00000 1.97067 1.97067
0.00085 0.00000 0.00085 0.00085
2.29038 0.00000 2.29038 2.29038
2.18749 0.00000 2.18749 2.18749
2.83148 0.00000 2.83148 2.83148
6.87099 0.00000 6.87099 6.87099
17.10272 0.00000 17.10272 17.10272
0.96037 0.00000 0.96037 0.96037
2.51905 0.00000 2.51905 2.51905
1.59145 0.00000 1.59145 1.59145
2.23759 0.00000 2.23759 2.23759
16.49924 0.00000 16.49924 16.49924
3.68764 0.00000 3.68764 3.68764
5.81477 0.00000 5.81477 5.81477
5.14583 0.00000 5.14583 5.14583
6.92902 0.00000 6.92902 6.92902
9.90133 0.00000 9.90133 9.90133
11.07708 0.00000 11.07708 11.07708
8.18969 0.00000 8.18969 8.18969
