# avg	std	min	max
3.49814 0.00000 3.49814 3.49814
2.15781 0.00000 2.15781 2.15781
0.00040 0.00000 0.00040 0.00040
2.49874 0.00000 2.49874 2.49874
-0.52982 0.00000 -0.52982 -0.52982
2.07513 0.00000 2.07513 2.07513
1.89590 0.00000 1.89590 1.89590
9.67990 0.00000 9.67990 9.67990
6.89657 0.00000 6.89657 6.89657
3.40489 0.00000 3.40489 3.40489
1.94669 0.00000 1.94669 1.94669
2.20298 0.00000 2.20298 2.20298
2.51847 0.00000 2.51847 2.51847
3.31604 0.00000 3.31604 3.31604
2.29297 0.00000 2.29297 2.29297
2.95685 0.00000 2.95685 2.95685
2.32303 0.00000 2.32303 2.32303
2.48889 0.00000 2.48889 2.48889
3.08417 0.00000 3.08417 3.08417
3.34680 0.00000 3.34680 3.34680
