# avg	std	min	max
2.30503 0.00000 2.30503 2.30503
0.86151 0.00000 0.86151 0.86151
-0.00181 0.00000 -0.00181 -0.00181
0.38910 0.00000 0.38910 0.38910
-0.60758 0.00000 -0.60758 -0.60758
0.24508 0.00000 0.24508 0.24508
1.87360 0.00000 1.87360 1.87360
1.93841 0.00000 1.93841 1.93841
-0.34662 0.00000 -0.34662 -0.34662
2.66489 0.00000 2.66489 2.66489
1.27675 0.00000 1.27675 1.27675
1.68464 0.00000 1.68464 1.68464
2.72273 0.00000 2.72273 2.72273
1.31096 0.00000 1.31096 1.31096
1.02803 0.00000 1.02803 1.02803
3.11884 0.00000 3.11884 3.11884
0.62034 0.00000 0.62034 0.62034
0.88997 0.00000 0.88997 0.88997
1.20890 0.00000 1.20890 1.20890
1.88759 0.00000 1.88759 1.88759
