# avg	std	min	max
4.30562 0.00000 4.30562 4.30562
2.22243 0.00000 2.22243 2.22243
-0.00003 0.00000 -0.00003 -0.00003
-1.24149 0.00000 -1.24149 -1.24149
-0.65726 0.00000 -0.65726 -0.65726
-0.57403 0.00000 -0.57403 -0.57403
3.23836 0.00000 3.23836 3.23836
10.23586 0.00000 10.23586 10.23586
5.05037 0.00000 5.05037 5.05037
2.90905 0.00000 2.90905 2.90905
1.17298 0.00000 1.17298 1.17298
1.95671 0.00000 1.95671 1.95671
5.21596 0.00000 5.21596 5.21596
2.26105 0.00000 2.26105 2.26105
2.62659 0.00000 2.62659 2.62659
4.42222 0.00000 4.42222 4.42222
3.83347 0.00000 3.83347 3.83347
3.53623 0.00000 3.53623 3.53623
6.50456 0.00000 6.50456 6.50456
3.27465 0.00000 3.27465 3.27465
