# avg	std	min	max
3.89877 0.00000 3.89877 3.89877
2.55364 0.00000 2.55364 2.55364
0.00124 0.00000 0.00124 0.00124
1.11449 0.00000 1.11449 1.11449
3.45495 0.00000 3.45495 3.45495
2.38558 0.00000 2.38558 2.38558
6.13953 0.00000 6.13953 6.13953
8.71336 0.00000 8.71336 8.71336
4.34584 0.00000 4.34584 4.34584
3.26686 0.00000 3.26686 3.26686
1.72311 0.00000 1.72311 1.72311
2.10022 0.00000 2.10022 2.10022
7.51992 0.00000 7.51992 7.51992
2.53405 0.00000 2.53405 2.53405
4.32957 0.00000 4.32957 4.32957
4.99377 0.00000 4.99377 4.99377
6.55085 0.00000 6.55085 6.55085
5.65750 0.00000 5.65750 5.65750
9.17863 0.00000 9.17863 9.17863
6.48829 0.00000 6.48829 6.48829
