# avg	std	min	max
0.73854 0.00000 0.73854 0.73854
-0.13992 0.00000 -0.13992 -0.13992
-0.00041 0.00000 -0.00041 -0.00041
-0.70327 0.00000 -0.70327 -0.70327
-0.84193 0.00000 -0.84193 -0.84193
-1.24463 0.00000 -1.24463 -1.24463
-0.82244 0.00000 -0.82244 -0.82244
-1.19120 0.00000 -1.19120 -1.19120
-0.49001 0.00000 -0.49001 -0.49001
-0.30129 0.00000 -0.30129 -0.30129
-0.39598 0.00000 -0.39598 -0.39598
0.53644 0.00000 0.53644 0.53644
-0.60372 0.00000 -0.60372 -0.60372
-0.02226 0.00000 -0.02226 -0.02226
-0.49520 0.00000 -0.49520 -0.49520
0.93761 0.00000 0.93761 0.93761
-0.18175 0.00000 -0.18175 -0.18175
-0.72104 0.00000 -0.72104 -0.72104
-0.66653 0.00000 -0.66653 -0.66653
-0.32663 0.00000 -0.32663 -0.32663
