# avg	std	min	max
4.94774 0.00000 4.94774 4.94774
3.37401 0.00000 3.37401 3.37401
0.01079 0.00000 0.01079 0.01079
2.97774 0.00000 2.97774 2.97774
-0.13483 0.00000 -0.13483 -0.13483
2.21958 0.00000 2.21958 2.21958
5.84404 0.00000 5.84404 5.84404
24.54696 0.00000 24.54696 24.54696
4.20557 0.00000 4.20557 4.20557
4.62132 0.00000 4.62132 4.62132
2.94502 0.00000 2.94502 2.94502
2.67596 0.00000 2.67596 2.67596
11.75970 0.00000 11.75970 11.75970
3.95461 0.00000 3.95461 3.95461
4.10417 0.00000 4.10417 4.10417
6.13139 0.00000 6.13139 6.13139
7.03408 0.00000 7.03408 7.03408
6.13545 0.00000 6.13545 6.13545
12.26684 0.00000 12.26684 12.26684
6.76768 0.00000 6.76768 6.76768
