# avg	std	min	max
4.39733 0.00000 4.39733 4.39733
2.56895 0.00000 2.56895 2.56895
-0.00014 0.00000 -0.00014 -0.00014
0.03697 0.00000 0.03697 0.03697
1.00593 0.00000 1.00593 1.00593
2.41421 0.00000 2.41421 2.41421
12.54156 0.00000 12.54156 12.54156
25.08662 0.00000 25.08662 25.08662
3.44988 0.00000 3.44988 3.44988
3.09692 0.00000 3.09692 3.09692
1.62969 0.00000 1.62969 1.62969
1.99584 0.00000 1.99584 1.99584
21.12450 0.00000 21.12450 21.12450
4.64552 0.00000 4.64552 4.64552
6.49093 0.00000 6.49093 6.49093
5.39112 0.00000 5.39112 5.39112
8.27280 0.00000 8.27280 8.27280
7.95519 0.00000 7.95519 7.95519
7.50103 0.00000 7.50103 7.50103
9.41212 0.00000 9.41212 9.41212
