# avg	std	min	max
4.69608 0.00000 4.69608 4.69608
3.12296 0.00000 3.12296 3.12296
0.00002 0.00000 0.00002 0.00002
2.68316 0.00000 2.68316 2.68316
1.13918 0.00000 1.13918 1.13918
4.43408 0.00000 4.43408 4.43408
19.05106 0.00000 19.05106 19.05106
23.17044 0.00000 23.17044 23.17044
6.59183 0.00000 6.59183 6.59183
4.37446 0.00000 4.37446 4.37446
2.45793 0.00000 2.45793 2.45793
2.66229 0.00000 2.66229 2.66229
21.67744 0.00000 21.67744 21.67744
4.06551 0.00000 4.06551 4.06551
7.44140 0.00000 7.44140 7.44140
5.98897 0.00000 5.98897 5.98897
7.20834 0.00000 7.20834 7.20834
8.99392 0.00000 8.99392 8.99392
13.48826 0.00000 13.48826 13.48826
13.44628 0.00000 13.44628 13.44628
