# avg	std	min	max
2.54797 0.00000 2.54797 2.54797
1.01334 0.00000 1.01334 1.01334
-0.00169 0.00000 -0.00169 -0.00169
0.44590 0.00000 0.44590 0.44590
-0.61195 0.00000 -0.61195 -0.61195
-0.42095 0.00000 -0.42095 -0.42095
0.50617 0.00000 0.50617 0.50617
1.60532 0.00000 1.60532 1.60532
4.40790 0.00000 4.40790 4.40790
1.35749 0.00000 1.35749 1.35749
2.35741 0.00000 2.35741 2.35741
0.47686 0.00000 0.47686 0.47686
0.75899 0.00000 0.75899 0.75899
1.22462 0.00000 1.22462 1.22462
0.53260 0.00000 0.53260 0.53260
1.75437 0.00000 1.75437 1.75437
1.18272 0.00000 1.18272 1.18272
-0.15778 0.00000 -0.15778 -0.15778
0.34929 0.00000 0.34929 0.34929
2.43268 0.00000 2.43268 2.43268
