# avg	std	min	max
5.33480 0.00000 5.33480 5.33480
3.57305 0.00000 3.57305 3.57305
0.00288 0.00000 0.00288 0.00288
0.92891 0.00000 0.92891 0.92891
-0.00926 0.00000 -0.00926 -0.00926
2.21387 0.00000 2.21387 2.21387
8.57023 0.00000 8.57023 8.57023
16.93722 0.00000 16.93722 16.93722
5.04905 0.00000 5.04905 5.04905
4.41788 0.00000 4.41788 4.41788
2.30734 0.00000 2.30734 2.30734
2.94885 0.00000 2.94885 2.94885
10.08282 0.00000 10.08282 10.08282
3.95610 0.00000 3.95610 3.95610
2.71665 0.00000 2.71665 2.71665
6.03703 0.00000 6.03703 6.03703
4.99820 0.00000 4.99820 4.99820
5.44436 0.00000 5.44436 5.44436
10.42691 0.00000 10.42691 10.42691
7.86058 0.00000 7.86058 7.86058
