# avg	std	min	max
4.49694 0.00000 4.49694 4.49694
2.70118 0.00000 2.70118 2.70118
-0.01264 0.00000 -0.01264 -0.01264
0.65774 0.00000 0.65774 0.65774
-0.90240 0.00000 -0.90240 -0.90240
1.32813 0.00000 1.32813 1.32813
7.41059 0.00000 7.41059 7.41059
14.13254 0.00000 14.13254 14.13254
3.78788 0.00000 3.78788 3.78788
4.68906 0.00000 4.68906 4.68906
2.53721 0.00000 2.53721 2.53721
2.58239 0.00000 2.58239 2.58239
10.60539 0.00000 10.60539 10.60539
3.68538 0.00000 3.68538 3.68538
4.61674 0.00000 4.61674 4.61674
5.16816 0.00000 5.16816 5.16816
5.09453 0.00000 5.09453 5.09453
5.48791 0.00000 5.48791 5.48791
9.31573 0.00000 9.31573 9.31573
4.33000 0.00000 4.33000 4.33000
