# avg	std	min	max
3.85434 0.00000 3.85434 3.85434
2.07802 0.00000 2.07802 2.07802
-0.00422 0.00000 -0.00422 -0.00422
0.47503 0.00000 0.47503 0.47503
-0.82652 0.00000 -0.82652 -0.82652
1.04205 0.00000 1.04205 1.04205
7.80750 0.00000 7.80750 7.80750
20.70884 0.00000 20.70884 20.70884
5.76708 0.00000 5.76708 5.76708
2.90266 0.00000 2.90266 2.90266
1.71118 0.00000 1.71118 1.71118
1.90913 0.00000 1.90913 1.90913
11.03119 0.00000 11.03119 11.03119
3.41291 0.00000 3.41291 3.41291
3.47529 0.00000 3.47529 3.47529
5.23498 0.00000 5.23498 5.23498
5.11308 0.00000 5.11308 5.11308
6.05665 0.00000 6.05665 6.05665
11.01215 0.00000 11.01215 11.01215
5.23014 0.00000 5.23014 5.23014
