# avg	std	min	max
4.31929 0.00000 4.31929 4.31929
2.45863 0.00000 2.45863 2.45863
-0.00267 0.00000 -0.00267 -0.00267
-1.48366 0.00000 -1.48366 -1.48366
-1.22246 0.00000 -1.22246 -1.22246
-0.74008 0.00000 -0.74008 -0.74008
7.01595 0.00000 7.01595 7.01595
12.32456 0.00000 12.32456 12.32456
3.88420 0.00000 3.88420 3.88420
3.92599 0.00000 3.92599 3.92599
2.62803 0.00000 2.62803 2.62803
2.29405 0.00000 2.29405 2.29405
8.79627 0.00000 8.79627 8.79627
2.38788 0.00000 2.38788 2.38788
2.87388 0.00000 2.87388 2.87388
3.95471 0.00000 3.95471 3.95471
3.48820 0.00000 3.48820 3.48820
4.21748 0.00000 4.21748 4.21748
6.38899 0.00000 6.38899 6.38899
5.91685 0.00000 5.91685 5.91685
