# avg	std	min	max
3.98512 0.00000 3.98512 3.98512
2.16475 0.00000 2.16475 2.16475
-0.00307 0.00000 -0.00307 -0.00307
0.58300 0.00000 0.58300 0.58300
0.21864 0.00000 0.21864 0.21864
0.00255 0.00000 0.00255 0.00255
13.10398 0.00000 13.10398 13.10398
20.99542 0.00000 20.99542 20.99542
3.89615 0.00000 3.89615 3.89615
2.62343 0.00000 2.62343 2.62343
1.19587 0.00000 1.19587 1.19587
1.95750 0.00000 1.95750 1.95750
17.50032 0.00000 17.50032 17.50032
3.30755 0.00000 3.30755 3.30755
3.89855 0.00000 3.89855 3.89855
5.33565 0.00000 5.33565 5.33565
5.50557 0.00000 5.50557 5.50557
6.96702 0.00000 6.96702 6.96702
10.95943 0.00000 10.95943 10.95943
9.80815 0.00000 9.80815 9.80815
