# avg	std	min	max
3.91236 0.00000 3.91236 3.91236
2.63471 0.00000 2.63471 2.63471
0.00080 0.00000 0.00080 0.00080
0.87997 0.00000 0.87997 0.87997
0.37001 0.00000 0.37001 0.37001
1.20491 0.00000 1.20491 1.20491
9.61129 0.00000 9.61129 9.61129
11.92489 0.00000 11.92489 11.92489
8.89987 0.00000 8.89987 8.89987
3.98188 0.00000 3.98188 3.98188
2.13461 0.00000 2.13461 2.13461
1.69477 0.00000 1.69477 1.69477
13.97590 0.00000 13.97590 13.97590
3.27466 0.00000 3.27466 3.27466
3.65192 0.00000 3.65192 3.65192
2.83677 0.00000 2.83677 2.83677
4.51193 0.00000 4.51193 4.51193
3.31228 0.00000 3.31228 3.31228
7.20086 0.00000 7.20086 7.20086
8.50277 0.00000 8.50277 8.50277
