# avg	std	min	max
0.84164 0.00000 0.84164 0.84164
0.63128 0.00000 0.63128 0.63128
-0.00080 0.00000 -0.00080 -0.00080
-0.29391 0.00000 -0.29391 -0.29391
-0.02032 0.00000 -0.02032 -0.02032
-0.17390 0.00000 -0.17390 -0.17390
0.01556 0.00000 0.01556 0.01556
0.42292 0.00000 0.42292 0.42292
1.20351 0.00000 1.20351 1.20351
0.80093 0.00000 0.80093 0.80093
0.56030 0.00000 0.56030 0.56030
0.36922 0.00000 0.36922 0.36922
0.10047 0.00000 0.10047 0.10047
0.45264 0.00000 0.45264 0.45264
0.52700 0.00000 0.52700 0.52700
1.11662 0.00000 1.11662 1.11662
0.79066 0.00000 0.79066 0.79066
-0.52045 0.00000 -0.52045 -0.52045
-0.56681 0.00000 -0.56681 -0.56681
-0.13076 0.00000 -0.13076 -0.13076
