# avg	std	min	max
3.06436 0.00000 3.06436 3.06436
1.66086 0.00000 1.66086 1.66086
-0.00326 0.00000 -0.00326 -0.00326
2.04562 0.00000 2.04562 2.04562
0.79414 0.00000 0.79414 0.79414
3.17674 0.00000 3.17674 3.17674
13.04446 0.00000 13.04446 13.04446
21.21962 0.00000 21.21962 21.21962
0.18734 0.00000 0.18734 0.18734
3.46024 0.00000 3.46024 3.46024
2.20452 0.00000 2.20452 2.20452
1.82208 0.00000 1.82208 1.82208
16.75192 0.00000 16.75192 16.75192
3.18642 0.00000 3.18642 3.18642
4.89796 0.00000 4.89796 4.89796
5.50795 0.00000 5.50795 5.50795
6.79790 0.00000 6.79790 6.79790
2.70591 0.00000 2.70591 2.70591
6.90804 0.00000 6.90804 6.90804
9.32227 0.00000 9.32227 9.32227
