# avg	std	min	max
5.13942 0.00000 5.13942 5.13942
3.12639 0.00000 3.12639 3.12639
0.00340 0.00000 0.00340 0.00340
0.84763 0.00000 0.84763 0.84763
0.58411 0.00000 0.58411 0.58411
2.51736 0.00000 2.51736 2.51736
18.82130 0.00000 18.82130 18.82130
33.55200 0.00000 33.55200 33.55200
5.52311 0.00000 5.52311 5.52311
4.40830 0.00000 4.40830 4.40830
2.45720 0.00000 2.45720 2.45720
2.37179 0.00000 2.37179 2.37179
24.64100 0.00000 24.64100 24.64100
3.33318 0.00000 3.33318 3.33318
6.36425 0.00000 6.36425 6.36425
4.74896 0.00000 4.74896 4.74896
6.49024 0.00000 6.49024 6.49024
8.27112 0.00000 8.27112 8.27112
9.98822 0.00000 9.98822 9.98822
12.14330 0.00000 12.14330 12.14330
