# avg	std	min	max
4.90188 0.00000 4.90188 4.90188
3.15990 0.00000 3.15990 3.15990
-0.00001 0.00000 -0.00001 -0.00001
-0.22936 0.00000 -0.22936 -0.22936
-0.29747 0.00000 -0.29747 -0.29747
2.10332 0.00000 2.10332 2.10332
2.66730 0.00000 2.66730 2.66730
9.24504 0.00000 9.24504 9.24504
6.67891 0.00000 6.67891 6.67891
4.47396 0.00000 4.47396 4.47396
2.47328 0.00000 2.47328 2.47328
2.50753 0.00000 2.50753 2.50753
4.10789 0.00000 4.10789 4.10789
3.17693 0.00000 3.17693 3.17693
3.58008 0.00000 3.58008 3.58008
4.81056 0.00000 4.81056 4.81056
6.93706 0.00000 6.93706 6.93706
2.92035 0.00000 2.92035 2.92035
9.41783 0.00000 9.41783 9.41783
5.97540 0.00000 5.97540 5.97540
