# avg	std	min	max
3.06327 0.00000 3.06327 3.06327
1.40695 0.00000 1.40695 1.40695
0.00364 0.00000 0.00364 0.00364
-0.93061 0.00000 -0.93061 -0.93061
-0.57939 0.00000 -0.57939 -0.57939
-0.72167 0.00000 -0.72167 -0.72167
0.22793 0.00000 0.22793 0.22793
0.90267 0.00000 0.90267 0.90267
2.16314 0.00000 2.16314 2.16314
1.74896 0.00000 1.74896 1.74896
0.66023 0.00000 0.66023 0.66023
0.81102 0.00000 0.81102 0.81102
0.27434 0.00000 0.27434 0.27434
1.04494 0.00000 1.04494 1.04494
0.73605 0.00000 0.73605 0.73605
1.49806 0.00000 1.49806 1.49806
1.02769 0.00000 1.02769 1.02769
0.00512 0.00000 0.00512 0.00512
0.32314 0.00000 0.32314 0.32314
0.93397 0.00000 0.93397 0.93397
