# avg	std	min	max
1.67242 0.00000 1.67242 1.67242
0.86691 0.00000 0.86691 0.86691
-0.00068 0.00000 -0.00068 -0.00068
-0.35958 0.00000 -0.35958 -0.35958
-0.05579 0.00000 -0.05579 -0.05579
-0.16135 0.00000 -0.16135 -0.16135
-0.35508 0.00000 -0.35508 -0.35508
0.79228 0.00000 0.79228 0.79228
2.61832 0.00000 2.61832 2.61832
1.23730 0.00000 1.23730 1.23730
0.93139 0.00000 0.93139 0.93139
0.52205 0.00000 0.52205 0.52205
0.13747 0.00000 0.13747 0.13747
1.21017 0.00000 1.21017 1.21017
0.13915 0.00000 0.13915 0.13915
2.51738 0.00000 2.51738 2.51738
1.15141 0.00000 1.15141 1.15141
-0.43915 0.00000 -0.43915 -0.43915
-0.72742 0.00000 -0.72742 -0.72742
1.33189 0.00000 1.33189 1.33189
