# avg	std	min	max
1.35453 0.00000 1.35453 1.35453
0.20621 0.00000 0.20621 0.20621
0.00000 0.00000 0.00000 0.00000
0.34735 0.00000 0.34735 0.34735
-0.88856 0.00000 -0.88856 -0.88856
0.21028 0.00000 0.21028 0.21028
1.79715 0.00000 1.79715 1.79715
1.99383 0.00000 1.99383 1.99383
-2.00970 0.00000 -2.00970 -2.00970
0.54567 0.00000 0.54567 0.54567
0.68984 0.00000 0.68984 0.68984
-0.04919 0.00000 -0.04919 -0.04919
2.25012 0.00000 2.25012 2.25012
0.62635 0.00000 0.62635 0.62635
0.91953 0.00000 0.91953 0.91953
1.46868 0.00000 1.46868 1.46868
1.55314 0.00000 1.55314 1.55314
1.75280 0.00000 1.75280 1.75280
3.09830 0.00000 3.09830 3.09830
1.02421 0.00000 1.02421 1.02421
