# avg	std	min	max
6.71689 0.00000 6.71689 6.71689
6.12482 0.00000 6.12482 6.12482
5.17288 0.00000 5.17288 5.17288
3.94592 0.00000 3.94592 3.94592
4.60628 0.00000 4.60628 4.60628
3.38947 0.00000 3.38947 3.38947
2.02494 0.00000 2.02494 2.02494
-0.09697 0.00000 -0.09697 -0.09697
9.41559 0.00000 9.41559 9.41559
6.51729 0.00000 6.51729 6.51729
5.68237 0.00000 5.68237 5.68237
5.57514 0.00000 5.57514 5.57514
1.65018 0.00000 1.65018 1.65018
4.81417 0.00000 4.81417 4.81417
5.13604 0.00000 5.13604 5.13604
7.13295 0.00000 7.13295 7.13295
6.34993 0.00000 6.34993 6.34993
4.80391 0.00000 4.80391 4.80391
4.62788 0.00000 4.62788 4.62788
4.20550 0.00000 4.20550 4.20550
