# avg	std	min	max
4.05335 0.00000 4.05335 4.05335
2.90779 0.00000 2.90779 2.90779
2.96858 0.00000 2.96858 2.96858
1.66489 0.00000 1.66489 1.66489
2.12431 0.00000 2.12431 2.12431
0.96380 0.00000 0.96380 0.96380
1.52452 0.00000 1.52452 1.52452
-0.00252 0.00000 -0.00252 -0.00252
6.30209 0.00000 6.30209 6.30209
3.69826 0.00000 3.69826 3.69826
2.47337 0.00000 2.47337 2.47337
3.53178 0.00000 3.53178 3.53178
2.12429 0.00000 2.12429 2.12429
2.73026 0.00000 2.73026 2.73026
2.43456 0.00000 2.43456 2.43456
2.59639 0.00000 2.59639 2.59639
2.12009 0.00000 2.12009 2.12009
2.62716 0.00000 2.62716 2.62716
2.79188 0.00000 2.79188 2.79188
2.95001 0.00000 2.95001 2.95001
