# avg	std	min	max
-0.81840 0.00000 -0.81840 -0.81840
1.56644 0.00000 1.56644 1.56644
4.54312 0.00000 4.54312 4.54312
0.44417 0.00000 0.44417 0.44417
4.29722 0.00000 4.29722 4.29722
0.46590 0.00000 0.46590 0.46590
0.27774 0.00000 0.27774 0.27774
-0.03434 0.00000 -0.03434 -0.03434
5.09619 0.00000 5.09619 5.09619
2.08259 0.00000 2.08259 2.08259
4.37527 0.00000 4.37527 4.37527
1.41244 0.00000 1.41244 1.41244
0.31329 0.00000 0.31329 0.31329
0.78899 0.00000 0.78899 0.78899
1.90952 0.00000 1.90952 1.90952
3.75360 0.00000 3.75360 3.75360
2.88497 0.00000 2.88497 2.88497
1.16713 0.00000 1.16713 1.16713
1.00906 0.00000 1.00906 1.00906
0.04290 0.00000 0.04290 0.04290
