# avg	std	min	max
0.66079 0.00000 0.66079 0.66079
0.68760 0.00000 0.68760 0.68760
0.36943 0.00000 0.36943 0.36943
-0.01398 0.00000 -0.01398 -0.01398
-0.01513 0.00000 -0.01513 -0.01513
-0.18298 0.00000 -0.18298 -0.18298
-0.12512 0.00000 -0.12512 -0.12512
-0.05660 0.00000 -0.05660 -0.05660
0.56168 0.00000 0.56168 0.56168
0.20320 0.00000 0.20320 0.20320
-0.19399 0.00000 -0.19399 -0.19399
0.24373 0.00000 0.24373 0.24373
0.00980 0.00000 0.00980 0.00980
0.04114 0.00000 0.04114 0.04114
-0.04769 0.00000 -0.04769 -0.04769
0.88227 0.00000 0.88227 0.88227
0.49237 0.00000 0.49237 0.49237
-0.10778 0.00000 -0.10778 -0.10778
0.05720 0.00000 0.05720 0.05720
0.18362 0.00000 0.18362 0.18362
