# avg	std	min	max
7.02593 0.00000 7.02593 7.02593
5.72500 0.00000 5.72500 5.72500
6.03824 0.00000 6.03824 6.03824
4.33364 0.00000 4.33364 4.33364
8.04601 0.00000 8.04601 8.04601
4.05758 0.00000 4.05758 4.05758
1.28479 0.00000 1.28479 1.28479
7.54839 0.00000 7.54839 7.54839
12.01542 0.00000 12.01542 12.01542
6.61761 0.00000 6.61761 6.61761
6.97417 0.00000 6.97417 6.97417
6.24604 0.00000 6.24604 6.24604
0.03586 0.00000 0.03586 0.03586
5.73473 0.00000 5.73473 5.73473
7.34341 0.00000 7.34341 7.34341
6.99660 0.00000 6.99660 6.99660
7.76550 0.00000 7.76550 7.76550
5.63001 0.00000 5.63001 5.63001
6.93332 0.00000 6.93332 6.93332
4.84271 0.00000 4.84271 4.84271
