# avg	std	min	max
3.18995 0.00000 3.18995 3.18995
1.88913 0.00000 1.88913 1.88913
0.02223 0.00000 0.02223 0.02223
2.09984 0.00000 2.09984 2.09984
2.85265 0.00000 2.85265 2.85265
0.33816 0.00000 0.33816 0.33816
-0.30151 0.00000 -0.30151 -0.30151
0.45578 0.00000 0.45578 0.45578
7.46968 0.00000 7.46968 7.46968
2.52649 0.00000 2.52649 2.52649
0.78994 0.00000 0.78994 0.78994
1.83224 0.00000 1.83224 1.83224
-0.00138 0.00000 -0.00138 -0.00138
1.53993 0.00000 1.53993 1.53993
2.02925 0.00000 2.02925 2.02925
3.41131 0.00000 3.41131 3.41131
2.53982 0.00000 2.53982 2.53982
1.06589 0.00000 1.06589 1.06589
1.09515 0.00000 1.09515 1.09515
1.21415 0.00000 1.21415 1.21415
