# avg	std	min	max
1.54139 0.00000 1.54139 1.54139
1.58162 0.00000 1.58162 1.58162
0.68498 0.00000 0.68498 0.68498
0.29192 0.00000 0.29192 0.29192
0.90382 0.00000 0.90382 0.90382
0.15162 0.00000 0.15162 0.15162
-0.16369 0.00000 -0.16369 -0.16369
-0.19152 0.00000 -0.19152 -0.19152
1.23392 0.00000 1.23392 1.23392
0.60358 0.00000 0.60358 0.60358
-0.18094 0.00000 -0.18094 -0.18094
2.04094 0.00000 2.04094 2.04094
-0.03048 0.00000 -0.03048 -0.03048
0.90283 0.00000 0.90283 0.90283
1.20969 0.00000 1.20969 1.20969
0.89340 0.00000 0.89340 0.89340
0.83624 0.00000 0.83624 0.83624
0.54451 0.00000 0.54451 0.54451
1.26719 0.00000 1.26719 1.26719
0.69687 0.00000 0.69687 0.69687
