# avg	std	min	max
6.07540 0.00000 6.07540 6.07540
4.99034 0.00000 4.99034 4.99034
3.84384 0.00000 3.84384 3.84384
2.27888 0.00000 2.27888 2.27888
2.81531 0.00000 2.81531 2.81531
1.55991 0.00000 1.55991 1.55991
0.84160 0.00000 0.84160 0.84160
3.45365 0.00000 3.45365 3.45365
7.25698 0.00000 7.25698 7.25698
5.15509 0.00000 5.15509 5.15509
4.64801 0.00000 4.64801 4.64801
4.95802 0.00000 4.95802 4.95802
-0.00277 0.00000 -0.00277 -0.00277
3.53512 0.00000 3.53512 3.53512
4.45053 0.00000 4.45053 4.45053
3.63146 0.00000 3.63146 3.63146
3.82256 0.00000 3.82256 3.82256
5.02515 0.00000 5.02515 5.02515
5.32062 0.00000 5.32062 5.32062
4.36331 0.00000 4.36331 4.36331
