# avg	std	min	max
5.04260 0.00000 5.04260 5.04260
4.26447 0.00000 4.26447 4.26447
3.19034 0.00000 3.19034 3.19034
1.72639 0.00000 1.72639 1.72639
2.51670 0.00000 2.51670 2.51670
1.51690 0.00000 1.51690 1.51690
0.65354 0.00000 0.65354 0.65354
3.92087 0.00000 3.92087 3.92087
5.97759 0.00000 5.97759 5.97759
4.71524 0.00000 4.71524 4.71524
3.72962 0.00000 3.72962 3.72962
3.70612 0.00000 3.70612 3.70612
-0.01472 0.00000 -0.01472 -0.01472
4.08024 0.00000 4.08024 4.08024
3.80200 0.00000 3.80200 3.80200
3.34976 0.00000 3.34976 3.34976
3.79364 0.00000 3.79364 3.79364
3.05538 0.00000 3.05538 3.05538
3.63249 0.00000 3.63249 3.63249
3.07525 0.00000 3.07525 3.07525
