# avg	std	min	max
-0.90005 0.00000 -0.90005 -0.90005
-0.04256 0.00000 -0.04256 -0.04256
0.33007 0.00000 0.33007 0.33007
-0.16229 0.00000 -0.16229 -0.16229
0.65416 0.00000 0.65416 0.65416
-0.04953 0.00000 -0.04953 -0.04953
-0.45014 0.00000 -0.45014 -0.45014
0.18805 0.00000 0.18805 0.18805
5.37895 0.00000 5.37895 5.37895
0.70589 0.00000 0.70589 0.70589
0.84927 0.00000 0.84927 0.84927
0.21167 0.00000 0.21167 0.21167
0.00218 0.00000 0.00218 0.00218
-0.47672 0.00000 -0.47672 -0.47672
-0.02716 0.00000 -0.02716 -0.02716
0.81056 0.00000 0.81056 0.81056
1.21004 0.00000 1.21004 1.21004
-0.30181 0.00000 -0.30181 -0.30181
-0.44841 0.00000 -0.44841 -0.44841
0.13035 0.00000 0.13035 0.13035
