# avg	std	min	max
5.08100 0.00000 5.08100 5.08100
3.98200 0.00000 3.98200 3.98200
4.86309 0.00000 4.86309 4.86309
2.43712 0.00000 2.43712 2.43712
4.85678 0.00000 4.85678 4.85678
0.87402 0.00000 0.87402 0.87402
0.18737 0.00000 0.18737 0.18737
1.95555 0.00000 1.95555 1.95555
8.33148 0.00000 8.33148 8.33148
4.10978 0.00000 4.10978 4.10978
4.61807 0.00000 4.61807 4.61807
3.93462 0.00000 3.93462 3.93462
-0.01400 0.00000 -0.01400 -0.01400
4.65261 0.00000 4.65261 4.65261
3.41759 0.00000 3.41759 3.41759
4.94891 0.00000 4.94891 4.94891
4.25748 0.00000 4.25748 4.25748
4.83567 0.00000 4.83567 4.83567
4.11059 0.00000 4.11059 4.11059
3.54355 0.00000 3.54355 3.54355
