# avg	std	min	max
8.02076 0.00000 8.02076 8.02076
6.66707 0.00000 6.66707 6.66707
5.68278 0.00000 5.68278 5.68278
4.93311 0.00000 4.93311 4.93311
5.41203 0.00000 5.41203 5.41203
4.20696 0.00000 4.20696 4.20696
2.96581 0.00000 2.96581 2.96581
5.56368 0.00000 5.56368 5.56368
9.93857 0.00000 9.93857 9.93857
7.02960 0.00000 7.02960 7.02960
5.80269 0.00000 5.80269 5.80269
6.35566 0.00000 6.35566 6.35566
0.00828 0.00000 0.00828 0.00828
6.39568 0.00000 6.39568 6.39568
5.90585 0.00000 5.90585 5.90585
6.95100 0.00000 6.95100 6.95100
6.97046 0.00000 6.97046 6.97046
6.13400 0.00000 6.13400 6.13400
6.60624 0.00000 6.60624 6.60624
5.87093 0.00000 5.87093 5.87093
