# avg	std	min	max
3.00585 0.00000 3.00585 3.00585
1.83645 0.00000 1.83645 1.83645
1.92566 0.00000 1.92566 1.92566
0.15496 0.00000 0.15496 0.15496
0.80293 0.00000 0.80293 0.80293
-0.07154 0.00000 -0.07154 -0.07154
-0.24103 0.00000 -0.24103 -0.24103
0.39977 0.00000 0.39977 0.39977
-0.02215 0.00000 -0.02215 -0.02215
2.36507 0.00000 2.36507 2.36507
1.88988 0.00000 1.88988 1.88988
1.93234 0.00000 1.93234 1.93234
0.01354 0.00000 0.01354 0.01354
2.16508 0.00000 2.16508 2.16508
1.75581 0.00000 1.75581 1.75581
1.24866 0.00000 1.24866 1.24866
1.82576 0.00000 1.82576 1.82576
0.89807 0.00000 0.89807 0.89807
0.46920 0.00000 0.46920 0.46920
1.97685 0.00000 1.97685 1.97685
