# avg	std	min	max
4.11438 0.00000 4.11438 4.11438
2.75065 0.00000 2.75065 2.75065
1.86025 0.00000 1.86025 1.86025
0.59330 0.00000 0.59330 0.59330
1.46344 0.00000 1.46344 1.46344
0.06639 0.00000 0.06639 0.06639
0.83015 0.00000 0.83015 0.83015
1.61502 0.00000 1.61502 1.61502
6.44333 0.00000 6.44333 6.44333
3.16998 0.00000 3.16998 3.16998
1.20551 0.00000 1.20551 1.20551
3.15331 0.00000 3.15331 3.15331
-0.02045 0.00000 -0.02045 -0.02045
3.04288 0.00000 3.04288 3.04288
2.97441 0.00000 2.97441 2.97441
1.82113 0.00000 1.82113 1.82113
2.32777 0.00000 2.32777 2.32777
1.95065 0.00000 1.95065 1.95065
2.48386 0.00000 2.48386 2.48386
2.72127 0.00000 2.72127 2.72127
