# avg	std	min	max
3.05166 0.00000 3.05166 3.05166
2.12526 0.00000 2.12526 2.12526
1.65363 0.00000 1.65363 1.65363
0.30785 0.00000 0.30785 0.30785
1.66514 0.00000 1.66514 1.66514
0.24645 0.00000 0.24645 0.24645
-0.38748 0.00000 -0.38748 -0.38748
1.37797 0.00000 1.37797 1.37797
0.31088 0.00000 0.31088 0.31088
3.54835 0.00000 3.54835 3.54835
2.96781 0.00000 2.96781 2.96781
2.13486 0.00000 2.13486 2.13486
0.00056 0.00000 0.00056 0.00056
2.24754 0.00000 2.24754 2.24754
2.13017 0.00000 2.13017 2.13017
4.17870 0.00000 4.17870 4.17870
3.22604 0.00000 3.22604 3.22604
1.80825 0.00000 1.80825 1.80825
2.20994 0.00000 2.20994 2.20994
2.23448 0.00000 2.23448 2.23448
