# avg	std	min	max
4.20085 0.00000 4.20085 4.20085
2.66808 0.00000 2.66808 2.66808
3.62044 0.00000 3.62044 3.62044
-0.54650 0.00000 -0.54650 -0.54650
3.83037 0.00000 3.83037 3.83037
-0.00178 0.00000 -0.00178 -0.00178
-0.76803 0.00000 -0.76803 -0.76803
8.95912 0.00000 8.95912 8.95912
6.31061 0.00000 6.31061 6.31061
3.85389 0.00000 3.85389 3.85389
4.72839 0.00000 4.72839 4.72839
1.96964 0.00000 1.96964 1.96964
-0.04731 0.00000 -0.04731 -0.04731
2.87569 0.00000 2.87569 2.87569
3.35365 0.00000 3.35365 3.35365
4.50227 0.00000 4.50227 4.50227
4.92279 0.00000 4.92279 4.92279
1.67616 0.00000 1.67616 1.67616
3.42139 0.00000 3.42139 3.42139
2.56003 0.00000 2.56003 2.56003
