# avg	std	min	max
2.31432 0.00000 2.31432 2.31432
1.53277 0.00000 1.53277 1.53277
1.55706 0.00000 1.55706 1.55706
0.56358 0.00000 0.56358 0.56358
1.02505 0.00000 1.02505 1.02505
0.04561 0.00000 0.04561 0.04561
-0.43559 0.00000 -0.43559 -0.43559
-0.30291 0.00000 -0.30291 -0.30291
0.48622 0.00000 0.48622 0.48622
2.61700 0.00000 2.61700 2.61700
3.08977 0.00000 3.08977 3.08977
1.56004 0.00000 1.56004 1.56004
-0.00102 0.00000 -0.00102 -0.00102
1.13631 0.00000 1.13631 1.13631
2.05540 0.00000 2.05540 2.05540
3.09799 0.00000 3.09799 3.09799
2.88666 0.00000 2.88666 2.88666
0.79406 0.00000 0.79406 0.79406
1.41666 0.00000 1.41666 1.41666
1.26428 0.00000 1.26428 1.26428
